,alleluja,amen,bóg,chcieć,chleb,chrystus,chwalić,chwała,czas,cześć,człowiek,dawać,dać,dobry,droga,duch,dusza,dzienia,dzień,dłoń,grzech,góra,głos,imię,jezus,kochać,krzyż,król,miłość,moc,móc,nadzieja,niebo,noc,nowa,oddać,ojciec,pan,pieśń,prowadzić,przyjść,radość,ręka,serce,siebie,siła,stać,swój,syn,słowo,tron,trwać,uwielbiać,wciąż,wiedzieć,wiek,wielbić,wielki,wierzyć,woda,wszystek,ziemia,łaska,śpiewać,świat,święta,święty,życie,żyć
abba ojcze,0.0,0.0,0.04797214058187525,0.0,0.0,0.0901021166486699,0.0,0.0,0.0,0.0,0.0,0.0,0.0,0.0,0.0,0.0,0.0,0.0,0.0,0.0,0.0,0.0,0.0,0.0,0.0,0.0,0.0,0.0,0.0,0.0,0.0,0.0,0.0,0.0,0.0,0.0,0.9691422161234083,0.03892143982705092,0.0,0.0,0.0,0.0,0.0,0.0,0.1765562382980275,0.0,0.0,0.0,0.0,0.0,0.0,0.0,0.0,0.0,0.0,0.0,0.0,0.0,0.0,0.0,0.0,0.0,0.0,0.0,0.0,0.0,0.0,0.13287837849202846,0.0
alleluja niech zabrzmi panu,0.9079104409031781,0.04844782917755714,0.024668857768276434,0.0,0.0,0.0,0.0,0.1047975872251544,0.0,0.040263686391771386,0.0,0.04734655541131582,0.0,0.0,0.0,0.06421655222661773,0.0,0.0,0.0,0.0,0.0,0.0,0.0,0.0830608182054361,0.0,0.0,0.0,0.0,0.0,0.0,0.0,0.0,0.0,0.0,0.0,0.04452230244957321,0.04153040910271805,0.1601175101355073,0.0,0.0,0.0,0.0,0.0,0.0,0.0,0.043705460069877404,0.0,0.02784966005550704,0.04153040910271805,0.04452230244957321,0.0,0.0,0.0,0.04734655541131582,0.0,0.12079105917531417,0.30056708219283734,0.0,0.0,0.04452230244957321,0.04452230244957321,0.0,0.0,0.0,0.0,0.0,0.0,0.0,0.0
alleluja alleluja amen amen alleluja,0.0,0.0,0.17885267040867445,0.0,0.0,0.0,0.0,0.0,0.0,0.0,0.0,0.0,0.275918242370177,0.0,0.0,0.0,0.0,0.0,0.0,0.0,0.0,0.0,0.0,0.0,0.7053381654648647,0.0,0.0,0.0,0.0,0.0,0.0,0.0,0.0,0.0,0.0,0.0,0.0,0.0,0.0,0.0,0.0,0.0,0.0,0.0,0.0,0.0,0.0,0.20191393203890684,0.30110127679838705,0.0,0.0,0.0,0.0,0.0,0.0,0.0,0.0,0.0,0.35125354020454097,0.0,0.0,0.0,0.0,0.0,0.27966417411925765,0.0,0.0,0.24770265142028036,0.0
blisko blisko blisko jesteś,0.0,0.0,0.6409879328525624,0.0,0.0,0.0,0.0,0.0,0.0,0.0,0.0,0.0,0.0,0.0,0.0,0.0,0.0,0.0,0.0,0.0,0.0,0.0,0.0,0.0,0.0,0.0,0.0,0.0,0.767550955922406,0.0,0.0,0.0,0.0,0.0,0.0,0.0,0.0,0.0,0.0,0.0,0.0,0.0,0.0,0.0,0.0,0.0,0.0,0.0,0.0,0.0,0.0,0.0,0.0,0.0,0.0,0.0,0.0,0.0,0.0,0.0,0.0,0.0,0.0,0.0,0.0,0.0,0.0,0.0,0.0
bo góry mogą ustąpić,0.0,0.18305039327735428,0.27961897526739554,0.0,0.0,0.0,0.0,0.26397109195236834,0.0,0.0,0.0,0.0,0.2875811173253724,0.0,0.14990363528924025,0.12131467332537815,0.0,0.0,0.0,0.0,0.0,0.0,0.0,0.0,0.0,0.0,0.0,0.0,0.2232198150807721,0.2554004662030723,0.0,0.0,0.0,0.0,0.0,0.0,0.47074293203276635,0.0,0.0,0.0,0.15446143131349221,0.0,0.17888945150888613,0.21392694526743952,0.0,0.16513230396429823,0.0,0.0,0.3138286213551776,0.0,0.0,0.0,0.0,0.0,0.0,0.0,0.0,0.0,0.0,0.0,0.0,0.0,0.3244663886648408,0.0,0.0,0.17151786374045622,0.0,0.0,0.0
bo jak śmierć potężna jest miłość,0.6443478569351334,0.0,0.0,0.0,0.0,0.0,0.0,0.0,0.0,0.0,0.0,0.0,0.0,0.0,0.0,0.0,0.0,0.0,0.0,0.0,0.0,0.0,0.0,0.0,0.0,0.0,0.0,0.0,0.0,0.0,0.0,0.0,0.0,0.0,0.0,0.0,0.0,0.0,0.0,0.0,0.0,0.0,0.0,0.0,0.0,0.0,0.0,0.0,0.0,0.0,0.0,0.3221739284675667,0.0,0.0,0.0,0.28575307508345865,0.0,0.0,0.0,0.0,0.6319533045718039,0.0,0.0,0.0,0.0,0.0,0.0,0.0,0.0
boże twa łaska,0.0,0.0,0.17940146661736928,0.5024209987694724,0.0,0.0,0.0,0.25404285060888687,0.0,0.0,0.0,0.0,0.0,0.0,0.0,0.0,0.0,0.0,0.0,0.0,0.0,0.0,0.0,0.0,0.0,0.0,0.0,0.0,0.0,0.0,0.0,0.0,0.0,0.0,0.0,0.0,0.0,0.4366636533082346,0.0,0.0,0.0,0.0,0.0,0.61764275696823,0.0,0.0,0.0,0.0,0.0,0.0,0.0,0.0,0.0,0.0,0.0,0.0,0.0,0.0,0.0,0.0,0.0,0.0,0.0,0.0,0.28052230298092756,0.0,0.0,0.0,0.0
była cicha i piękna jak wiosna,0.0,0.0,0.0,0.45732864610055934,0.0,0.0,0.0,0.0,0.0,0.0,0.0,0.0,0.0,0.0,0.0,0.0,0.0,0.0,0.0,0.0,0.15335661437444892,0.0,0.0,0.0,0.0,0.0,0.0,0.0,0.0,0.0,0.1332665362902044,0.0,0.0,0.0,0.0,0.0,0.0,0.13249101043273837,0.0,0.0,0.27062086753074976,0.0,0.0,0.562209235899597,0.0,0.0,0.0,0.09217804093605254,0.0,0.0,0.0,0.0,0.0,0.0,0.0,0.0,0.0,0.0,0.0,0.0,0.0,0.0,0.0,0.0,0.0,0.0,0.5781061759213842,0.0,0.0
bóg nasz pan,0.0,0.0,0.18456138127061072,0.0,0.0,0.0,0.0,0.5226991762592438,0.0,0.3012349272639719,0.0,0.0,0.0,0.0,0.0,0.0,0.0,0.0,0.0,0.0,0.0,0.3466464264962795,0.0,0.0,0.0,0.0,0.0,0.0,0.0,0.0,0.0,0.0,0.2674608381636993,0.0,0.0,0.3330959914977547,0.0,0.14974096649411336,0.0,0.0,0.0,0.0,0.0,0.0,0.0,0.0,0.0,0.0,0.0,0.0,0.3269847414636773,0.0,0.0,0.0,0.0,0.0,0.0,0.0,0.0,0.0,0.0,0.2584357732983994,0.3212441044671791,0.0,0.0,0.0,0.0,0.0,0.0
bóg tak umiłował świat,0.0,0.0,0.0,0.0,0.0,0.0,0.0,0.0,0.0,0.0,0.0,0.0,0.46638936577231277,0.29011688461516855,0.0,0.09837202469570236,0.12525017229326185,0.0,0.0,0.0,0.0,0.0,0.0,0.0,0.0,0.0,0.0,0.0,0.0,0.0,0.0,0.0,0.0,0.0,0.29011688461516855,0.0,0.0,0.0,0.0,0.14843247988428607,0.0,0.0,0.0,0.0,0.41724283794697375,0.0,0.0,0.08532465078720561,0.0,0.0,0.0,0.41724283794697375,0.0,0.0,0.0,0.0,0.0,0.0,0.0,0.4092168343722018,0.0,0.0,0.0,0.0,0.0,0.0,0.0,0.209348032778915,0.0
będziemy tańczyć,0.0,0.0,0.0,0.0,0.0,0.0,0.0,0.0,0.0,0.0,0.0,0.0,0.0,0.0,0.0,0.0,0.0,0.0,0.0,0.0,0.0,0.0,0.0,0.0,0.0,0.0,0.0,0.0,0.36543122922967014,0.0,0.0,0.0,0.0,0.0,0.0,0.0,0.0,0.24759854920531668,0.0,0.0,0.0,0.0,0.0,0.35021795240776876,0.0,0.0,0.0,0.0,0.0,0.0,0.0,0.0,0.0,0.0,0.5057349473481025,0.49809569623327254,0.0,0.0,0.0,0.0,0.0,0.0,0.0,0.0,0.0,0.0,0.0,0.42265257762271835,0.0
będę śpiewał ci,0.0,0.0,0.0,0.5907316968425689,0.2698960753119681,0.0,0.0,0.0,0.0,0.0,0.0,0.0,0.2169412848138033,0.0,0.0,0.1830312180628863,0.0,0.0,0.0,0.0,0.0,0.0,0.0,0.0,0.0,0.0,0.0,0.0,0.0,0.0,0.22952062384107,0.0,0.0,0.0,0.0,0.0,0.0,0.34227744129594023,0.0,0.0,0.0,0.0,0.0,0.0,0.0,0.0,0.4982804784883937,0.158755243807185,0.0,0.0,0.0,0.0,0.0,0.0,0.23304076202900006,0.0,0.0,0.0,0.0,0.0,0.0,0.0,0.0,0.0,0.0,0.0,0.0,0.0,0.0
błogosław duszo moja pana,0.0,0.0,0.0,0.0,0.0,0.0,0.0,0.0,0.0,0.0,0.0,0.0,0.6148499879692937,0.0,0.0,0.0,0.0,0.7193044671989457,0.0,0.0,0.0,0.0,0.0,0.0,0.0,0.0,0.0,0.0,0.0,0.0,0.0,0.0,0.0,0.0,0.0,0.0,0.0,0.3233582777072519,0.0,0.0,0.0,0.0,0.0,0.0,0.0,0.0,0.0,0.0,0.0,0.0,0.0,0.0,0.0,0.0,0.0,0.0,0.0,0.0,0.0,0.0,0.0,0.0,0.0,0.0,0.0,0.0,0.0,0.0,0.0
błogosławcie pana wszystkie jego dzieła,0.0,0.0,0.14054409173292406,0.0,0.0,0.0,0.0,0.0,0.0,0.0,0.0,0.0,0.0,0.0,0.0,0.0,0.0,0.2536536802154094,0.0,0.5172572215956762,0.0,0.0,0.0,0.0,0.0,0.0,0.0,0.0,0.0,0.0,0.0,0.0,0.0,0.0,0.2697440914967367,0.0,0.23660818354323343,0.22805646540180707,0.0,0.0,0.0,0.0,0.0,0.0,0.0,0.0,0.0,0.47599753677351603,0.0,0.0,0.0,0.2586286107978381,0.0,0.0,0.0,0.0,0.0,0.0,0.0,0.0,0.0,0.0,0.0,0.41729445638901014,0.0,0.0,0.0,0.0,0.0
błogosławione jest imię twe,0.0,0.0,0.0,0.0,0.0,0.0,0.0,0.0,0.0,0.0,0.0,0.0,0.0,0.0,0.0,0.0,0.0,0.0,0.0,0.0,0.0,0.0,0.48477261114941406,0.0,0.0,0.0,0.0,0.0,0.0,0.0,0.0,0.0,0.0,0.0,0.0,0.0,0.0,0.0,0.0,0.0,0.0,0.0,0.0,0.0,0.0,0.0,0.8746402205932329,0.0,0.0,0.0,0.0,0.0,0.0,0.0,0.0,0.0,0.0,0.0,0.0,0.0,0.0,0.0,0.0,0.0,0.0,0.0,0.0,0.0,0.0
cała ziemio wołaj,0.0,0.0,0.0,0.616277243443657,0.0,0.0,0.0,0.20774188455931275,0.0,0.0,0.0,0.0,0.0,0.0,0.0,0.0,0.0,0.0,0.0,0.0,0.0,0.0,0.0,0.0,0.0,0.0,0.0,0.0,0.17567114911290516,0.20099691134333417,0.0,0.0,0.0,0.0,0.0,0.0,0.0,0.11902628505307461,0.0,0.0,0.0,0.0,0.0,0.16835777902488655,0.0,0.0,0.0,0.16562044081713034,0.0,0.0,0.0,0.0,0.0,0.0,0.0,0.0,0.0,0.0,0.0,0.0,0.0,0.0,0.0,0.21779259285508756,0.0,0.0,0.6232256536779383,0.0,0.0
chcę wywyższać imię twe,0.0,0.0,0.0,0.0,0.0,0.0,0.0,0.0,0.0,0.0,0.0,0.0,0.0,0.0,0.4910720581680749,0.0,0.0,0.0,0.0,0.0,0.0,0.0,0.0,0.0,0.0,0.0,0.0,0.0,0.0,0.0,0.0,0.0,0.0,0.0,0.5860272232059223,0.0,0.0,0.0,0.0,0.0,0.0,0.0,0.0,0.3504035946406136,0.0,0.0,0.5409599321678672,0.0,0.0,0.0,0.0,0.0,0.0,0.0,0.0,0.0,0.0,0.0,0.0,0.0,0.0,0.0,0.0,0.0,0.0,0.0,0.0,0.0,0.0
chlebie najcichszy,0.0,0.0,0.0,0.0,0.0,0.0,0.0,0.0,0.0,0.0,0.0,0.0,0.0,0.0,0.0,0.0,0.0,0.0,0.0,0.0,0.0,0.0,0.0,0.0,0.0,0.0,0.0,0.0,0.0,0.0,0.5052267440301113,0.0,0.0,0.0,0.0,0.0,0.0,0.25114332403907497,0.0,0.6079209626395898,0.0,0.0,0.0,0.0,0.0,0.0,0.0,0.0,0.0,0.0,0.0,0.0,0.0,0.0,0.0,0.0,0.0,0.0,0.0,0.5586636475471543,0.0,0.0,0.0,0.0,0.0,0.0,0.0,0.0,0.0
chrystus pan karmi nas,0.0,0.0,0.0,0.0,0.0,0.0,0.0,0.0,0.0,0.0,0.0,0.0,0.0,0.0,0.0,0.0,0.0,0.0,0.0,0.0,0.0,0.0,0.0,0.0,0.0,0.0,0.0,0.0,0.0,0.5675679807523224,0.0,0.0,0.0,0.0,0.0,0.0,0.0,0.6722044414765012,0.0,0.0,0.0,0.0,0.0,0.47540275144765054,0.0,0.0,0.0,0.0,0.0,0.0,0.0,0.0,0.0,0.0,0.0,0.0,0.0,0.0,0.0,0.0,0.0,0.0,0.0,0.0,0.0,0.0,0.0,0.0,0.0
chrystus pan boży syn,0.0,0.0,0.0,0.0,0.0,0.0,0.0,0.0,0.0,0.0,0.0,0.0,0.0,0.0,0.0,0.0,0.4825646509182,0.0,0.0,0.0,0.0,0.0,0.0,0.0,0.0,0.0,0.0,0.0,0.0,0.0,0.0,0.0,0.0,0.0,0.0,0.0,0.0,0.23625479728391308,0.0,0.57188159128893,0.0,0.0,0.0,0.0,0.0,0.0,0.0,0.3287393507566479,0.0,0.0,0.0,0.0,0.0,0.0,0.0,0.0,0.0,0.0,0.0,0.5255443970336585,0.0,0.0,0.0,0.0,0.0,0.0,0.0,0.0,0.0
chwal adonai,0.0,0.0,0.6481336914901697,0.22689054802235714,0.0,0.0,0.0,0.0,0.0,0.0,0.0,0.0,0.0,0.0,0.26059818476616525,0.0,0.0,0.0,0.0,0.0,0.0,0.0,0.0,0.0,0.0,0.0,0.0,0.0,0.0,0.2219989453642365,0.0,0.0,0.0,0.0,0.0,0.0,0.0,0.5258530506923008,0.0,0.3182217703844783,0.0,0.0,0.0,0.0,0.0,0.0,0.0,0.18292601088460575,0.0,0.0,0.0,0.0,0.0,0.0,0.0,0.0,0.0,0.0,0.0,0.0,0.0,0.0,0.0,0.0,0.0,0.0,0.0,0.0,0.0
chwalcie pana niebios,0.0,0.0,0.0,0.0,0.0,0.0,0.0,0.3161206186889853,0.0,0.1821823639725589,0.0,0.0,0.0,0.0,0.0,0.0,0.0,0.0,0.0,0.0,0.0,0.0,0.0,0.0,0.0,0.0,0.0,0.698141150296852,0.0,0.0,0.0,0.0,0.16175630166566185,0.0,0.0,0.20145145754518307,0.0,0.3622443586766116,0.0,0.0,0.0,0.0,0.0,0.0,0.0,0.0,0.0,0.0,0.0,0.0,0.0,0.20540254162235974,0.20964655730771647,0.0,0.0,0.1821823639725589,0.0,0.0,0.0,0.0,0.0,0.15629807785642474,0.19428361410691578,0.0,0.0,0.0,0.0,0.0,0.0
chwalcie łąki umajone,0.0,0.0,0.0,0.0,0.7717072519130334,0.0,0.0,0.0,0.0,0.0,0.0,0.0,0.0,0.3858536259565167,0.08083324747846216,0.0,0.0,0.0,0.0,0.0,0.0,0.0,0.0,0.0,0.0,0.0,0.09646340648912917,0.0,0.0,0.0,0.0,0.0,0.07283541791819485,0.0,0.0,0.09070930127260499,0.0,0.24466638066985805,0.0,0.0,0.0,0.0,0.0,0.05767842012553107,0.0,0.0,0.08904507463931305,0.34044374149461853,0.0,0.0,0.0,0.0,0.0,0.0,0.0,0.0,0.0,0.0,0.0,0.0,0.0,0.1407553919477363,0.0,0.0,0.0,0.0,0.0,0.13921578132509813,0.0
chwalę ciebie panie,0.0,0.0,0.0,0.0,0.0,0.0,0.0,0.0,0.0,0.0,0.0,0.0,0.0,0.0,0.0,0.2399525942771709,0.0,0.0,0.0,0.0,0.0,0.0,0.0,0.0,0.0,0.0,0.0,0.0,0.22075719389295342,0.0,0.0,0.0,0.0,0.0,0.0,0.0,0.0,0.1495744111682893,0.0,0.0,0.0,0.0,0.3538317896900094,0.21156684552508334,0.0,0.0,0.0,0.0,0.0,0.0,0.32662103972307094,0.0,0.6925217105341844,0.0,0.0,0.0,0.0,0.0,0.0,0.0,0.0,0.0,0.0,0.0,0.0,0.3392512648409465,0.0,0.0,0.0
chwała bogu ojcu,0.0,0.0,0.0,0.0,0.0,0.0,0.0,0.23441518900792446,0.0,0.0,0.0,0.0,0.0,0.0,0.0,0.0,0.0,0.0,0.0,0.0,0.0,0.0,0.0,0.0,0.0,0.0,0.0,0.0,0.0,0.0,0.0,0.0,0.0,0.0,0.0,0.0,0.0,0.2686176566349705,0.2881370428217639,0.0,0.0,0.0,0.0,0.0,0.0,0.0,0.0,0.0,0.0,0.0,0.0,0.0,0.0,0.0,0.0,0.0,0.0,0.0,0.0,0.0,0.0,0.23180166870631091,0.0,0.49151274358517527,0.0,0.0,0.7032455670237734,0.0,0.0
ciebie całą duszą pragnę,0.0,0.0,0.0,0.0,0.0,0.0,0.0,0.0,0.0,0.0,0.0,0.0,0.0,0.0,0.0,0.0,0.0,0.9120774265296422,0.0,0.0,0.0,0.0,0.0,0.0,0.0,0.0,0.0,0.0,0.0,0.0,0.0,0.0,0.0,0.0,0.0,0.0,0.0,0.41001800937893573,0.0,0.0,0.0,0.0,0.0,0.0,0.0,0.0,0.0,0.0,0.0,0.0,0.0,0.0,0.0,0.0,0.0,0.0,0.0,0.0,0.0,0.0,0.0,0.0,0.0,0.0,0.0,0.0,0.0,0.0,0.0
do ciebie panie,0.0,0.0,0.126795863039008,0.0,0.0,0.0,0.0,0.6284259590915589,0.0,0.7243319166198504,0.0,0.0,0.0,0.0,0.0,0.0,0.0,0.0,0.0,0.0,0.0,0.0,0.12450889235809133,0.0,0.0,0.0,0.0,0.0,0.0,0.0,0.0,0.0,0.0,0.0,0.12167866489185743,0.0,0.0,0.0,0.11034925939459088,0.0,0.0,0.0,0.0,0.0,0.0,0.0,0.0,0.07157246020977247,0.0,0.0,0.0,0.0,0.0,0.0,0.0,0.0,0.0,0.0,0.0,0.0,0.0,0.08877422429852067,0.0,0.09411852552255522,0.0,0.0,0.0,0.0,0.0
do mnie wróć,0.0,0.0,0.0,0.0,0.0,0.0,0.0,0.0,0.0,0.0,0.3680912931439594,0.0,0.0,0.0,0.3627085815078533,0.0,0.0,0.0,0.0,0.2075033101783073,0.0,0.0,0.0,0.0,0.2964638548291106,0.4235814636492481,0.0,0.0,0.0,0.0,0.1840456465719797,0.0,0.0,0.21642149998000512,0.0,0.20351181611824687,0.0,0.0,0.0,0.0,0.0,0.0,0.0,0.0,0.0,0.0,0.0,0.12730102857082504,0.0,0.0,0.0,0.0,0.0,0.43284299996001024,0.0,0.0,0.0,0.0,0.0,0.0,0.0,0.0,0.0,0.0,0.17632035917626399,0.0,0.0,0.15616952226677536,0.20351181611824687
dobry jest pan,0.0,0.5428063431130717,0.0,0.0,0.0,0.0,0.0,0.0,0.0,0.0,0.0,0.0,0.0,0.0,0.0,0.0,0.0,0.0,0.0,0.0,0.0,0.0,0.0,0.0,0.36332922559880704,0.0,0.0,0.0,0.0,0.0,0.0,0.0,0.0,0.0,0.0,0.0,0.4653040162112973,0.0,0.0,0.5428063431130717,0.0,0.0,0.0,0.0,0.0,0.0,0.0,0.0,0.0,0.0,0.0,0.0,0.0,0.0,0.0,0.0,0.0,0.0,0.0,0.24941249783408306,0.0,0.0,0.0,0.0,0.0,0.0,0.0,0.0,0.0
dotknij panie moich oczu,0.0,0.0,0.0,0.0,0.0,0.0,0.0,0.0,0.0,0.0,0.0,0.0,0.0,0.0,0.0,0.6767180057576995,0.0,0.0,0.0,0.0,0.0,0.0,0.0,0.0,0.0,0.0,0.0,0.0,0.0,0.0,0.0,0.0,0.0,0.0,0.0,0.0,0.0,0.0,0.0,0.0,0.0,0.0,0.0,0.0,0.0,0.0,0.0,0.0,0.0,0.0,0.0,0.0,0.0,0.0,0.0,0.0,0.0,0.0,0.0,0.0,0.0,0.0,0.0,0.0,0.0,0.0,0.7362423111200023,0.0,0.0
duchu miłości,0.0,0.0,0.0,0.0,0.0,0.0,0.0,0.0,0.0,0.0,0.0,0.0,0.0,0.0,0.0,0.24184214402235715,0.0,0.0,0.0,0.0,0.0,0.0,0.0,0.0,0.4885114330506198,0.0,0.0,0.0,0.0,0.0,0.0,0.0,0.5385343398416893,0.0,0.0,0.0,0.0,0.0,0.0,0.0,0.0,0.0,0.0,0.0,0.0,0.0,0.0,0.10488295096175959,0.46921562266763045,0.0,0.0,0.0,0.0,0.0,0.0,0.0,0.0,0.0,0.0,0.0,0.0,0.0,0.0,0.0,0.0,0.0,0.2631146467602482,0.0,0.33534559884868936
duchu święty o przyjdź i rozpal nas,0.0,0.0,0.0,0.2889937582278527,0.3961101878513551,0.0,0.0,0.0,0.0,0.0,0.0,0.0,0.0,0.0,0.0,0.0,0.0,0.0,0.0,0.0,0.0,0.0,0.0,0.0,0.0,0.0,0.0,0.0,0.0,0.0,0.3368535734369567,0.0,0.0,0.0,0.0,0.0,0.0,0.0,0.0,0.0,0.0,0.0,0.0,0.47369278491047706,0.0,0.0,0.0,0.0,0.0,0.37248195636762954,0.0,0.0,0.0,0.0,0.0,0.0,0.0,0.0,0.0,0.0,0.0,0.0,0.0,0.0,0.0,0.37978747574571436,0.0,0.0,0.37248195636762954
duchu święty ogarnij mnie,0.0,0.0,0.3477058423629828,0.0,0.0,0.0,0.0,0.0,0.0,0.0,0.14187846803646298,0.0,0.0,0.0,0.0,0.0,0.0,0.0,0.0,0.0,0.16326680437859273,0.0,0.0,0.0,0.6856207413994165,0.0,0.33367321030663644,0.0,0.10409008423053262,0.0,0.0,0.0,0.12597122891118515,0.0,0.0,0.0,0.0,0.0,0.0,0.0,0.14405444597265923,0.0,0.0,0.0,0.0,0.0,0.0,0.09813475759683862,0.14634206026464097,0.15688469266173435,0.0,0.0,0.0,0.0,0.0,0.14187846803646298,0.0,0.0,0.17071719952619205,0.0,0.0,0.0,0.0,0.0,0.27184628280553796,0.0,0.0,0.0,0.15688469266173435
duchu święty powiej wiatrem,0.0,0.0,0.0,0.0,0.0,0.0,0.0,0.0,0.5654077831501325,0.0,0.0,0.0,0.0,0.0,0.0,0.0,0.0,0.0,0.0,0.0,0.0,0.0,0.0,0.0,0.0,0.0,0.0,0.0,0.0,0.0,0.0,0.0,0.0,0.0,0.0,0.1811019833980242,0.0,0.6513050104526115,0.0,0.0,0.0,0.0,0.0,0.0,0.0,0.0,0.0,0.1132831950621952,0.0,0.0,0.0,0.0,0.0,0.0,0.0,0.0,0.0,0.0,0.0,0.0,0.1811019833980242,0.4215292196843302,0.0,0.0,0.0,0.0,0.0,0.0,0.0
duchu święty przyjdź niech wiara zagości,0.0,0.0,0.0,0.0,0.0,0.0,0.0,0.5280696194351457,0.0,0.2028866323446737,0.0,0.0,0.0,0.0,0.0,0.0,0.0,0.0,0.0,0.0,0.0,0.0,0.0,0.0,0.0,0.0,0.0,0.0,0.14884913082497273,0.170308076784599,0.0,0.0,0.0,0.0,0.0,0.0,0.0,0.10085298106684995,0.0,0.0,0.0,0.0,0.0,0.0,0.0,0.0,0.2202295518192844,0.0,0.0,0.0,0.2202295518192844,0.0,0.0,0.0,0.4119965745635097,0.4057732646893474,0.43272627850895073,0.0,0.0,0.0,0.0,0.0,0.0,0.0,0.0,0.0,0.0,0.0,0.0
duchu święty cudownym wiatrem jesteś,0.0,0.0,0.0,0.06708442642433099,0.0,0.0,0.0,0.0,0.0,0.0,0.2345825276806264,0.0,0.0,0.0,0.0,0.0,0.6351474662801099,0.0,0.09408820741124192,0.0,0.1799640691901917,0.0,0.0,0.322616869474959,0.0,0.0,0.0,0.0,0.0,0.0,0.0,0.0,0.06942714118167212,0.0,0.0,0.0,0.08065421736873975,0.4664348153326546,0.0,0.0,0.0,0.0,0.0,0.0,0.0,0.0,0.0,0.0,0.0,0.0,0.0,0.0,0.0,0.0,0.07939343328501373,0.0,0.0,0.08198318429985192,0.0,0.0,0.25939389019572434,0.06708442642433099,0.0,0.0,0.0,0.0,0.271363162957586,0.06635064355386845,0.0
duszo ma pana chwal,0.0,0.0,0.3338287421148635,0.0,0.0,0.0,0.0,0.0,0.0,0.0,0.0,0.0,0.0,0.0,0.0,0.4345018941317408,0.0,0.0,0.0,0.0,0.0,0.0,0.0,0.0,0.4388382013059788,0.0,0.0,0.0,0.0,0.0,0.0,0.0,0.0,0.0,0.0,0.0,0.0,0.5416933720765752,0.0,0.0,0.0,0.0,0.0,0.0,0.0,0.0,0.0,0.0,0.0,0.0,0.0,0.0,0.0,0.0,0.0,0.0,0.0,0.0,0.0,0.0,0.0,0.0,0.0,0.0,0.0,0.0,0.0,0.4623373212890993,0.0
dzielmy się wiarą jak chlebem,0.0,0.0,0.25280406623039337,0.0,0.0,0.0,0.0,0.0,0.0,0.0,0.0,0.0,0.0,0.0,0.0,0.0,0.0,0.0,0.0,0.0,0.0,0.0,0.0,0.0,0.33232633297108727,0.0,0.0,0.7905975374565509,0.0,0.0,0.0,0.4478893236939307,0.0,0.0,0.0,0.0,0.0,0.0,0.0,0.0,0.0,0.0,0.0,0.0,0.0,0.0,0.0,0.0,0.0,0.0,0.0,0.0,0.0,0.0,0.0,0.0,0.0,0.0,0.0,0.0,0.0,0.0,0.0,0.0,0.0,0.0,0.0,0.0,0.0
dzięki o panie składamy dzięki,0.0,0.0,0.0,0.5548010023825504,0.0,0.0,0.0,0.0,0.0,0.0,0.0,0.0,0.0,0.0,0.0,0.0,0.0,0.0,0.0,0.0,0.0,0.0,0.0,0.0,0.0,0.0,0.0,0.0,0.31629442967236465,0.0,0.4311204997297777,0.0,0.0,0.0,0.0,0.0,0.0,0.0,0.0,0.0,0.0,0.0,0.0,0.15156338410286685,0.0,0.0,0.0,0.14909910686777528,0.0,0.0,0.0,0.0,0.0,0.0,0.0,0.0,0.0,0.0,0.0,0.0,0.0,0.0,0.0,0.0,0.0,0.0,0.0,0.36582165205348177,0.47671932208132456
gdy kiedyś pan,0.0,0.0,0.0,0.0,0.0,0.0,0.0,0.19258792690034868,0.1277214881494697,0.0,0.0,0.0,0.0,0.0,0.0,0.0,0.0,0.12272884552921519,0.0,0.0,0.0,0.0,0.0,0.0,0.0,0.0,0.0,0.0,0.0,0.18633497308980976,0.0,0.120477162289047,0.0,0.0,0.2610281933193915,0.0,0.0,0.27585945816425866,0.0,0.0,0.7888433781099652,0.13051409665969574,0.0,0.23411510665312582,0.0,0.0,0.0,0.15353907767302552,0.0,0.0,0.0,0.0,0.0,0.0,0.0,0.0,0.0,0.0,0.0,0.0,0.0,0.09522037163445221,0.0,0.0,0.10633089782082307,0.0,0.0,0.0,0.0
gdy klęczę przed tobą,0.0,0.0,0.0,0.0,0.0,0.0,0.0,0.0,0.0,0.0,0.0,0.0,0.0,0.0,0.0,0.0,0.0,0.0,0.0,0.0,0.0,0.0,0.0,0.0,0.0,0.0,0.0,0.0,0.1846712632595147,0.0,0.2517134664200111,0.0,0.0,0.0,0.0,0.0,0.0,0.2502486553180249,0.0,0.0,0.0,0.0,0.0,0.7079328367598873,0.0,0.0,0.0,0.0,0.0,0.27833673681882615,0.0,0.0,0.0,0.0,0.5111479486749642,0.0,0.0,0.0,0.0,0.0,0.0,0.0,0.0,0.0,0.0,0.0,0.0,0.0,0.0
gdy schodzimy się,0.0,0.0,0.0,0.0,0.0,0.0,0.0,0.0,0.0,0.0,0.0,0.0,0.0,0.0,0.0,0.0,0.2530711521380528,0.0,0.0,0.0,0.0,0.0,0.0,0.2570899741925222,0.0,0.0,0.0,0.0,0.0,0.20922533764246387,0.0,0.0,0.0,0.0,0.0,0.0,0.0,0.37169697552245856,0.0,0.0,0.0,0.0,0.0,0.0,0.0,0.5411088329829004,0.0,0.3448012451421881,0.0,0.0,0.0,0.0,0.0,0.0,0.0,0.0,0.26580448630839504,0.0,0.0,0.0,0.0,0.0,0.0,0.45341720399172253,0.0,0.0,0.0,0.0,0.0
gloria na niedzielę i święta,0.0,0.0,0.25764114495649676,0.0,0.16482888210041763,0.4839061216529874,0.0,0.0,0.0,0.0,0.14017109290301877,0.0,0.13248873447290868,0.0,0.0,0.0,0.0,0.15499673160058278,0.0,0.0,0.0,0.0,0.0,0.0,0.0,0.0,0.16482888210041763,0.0,0.0,0.0,0.0,0.0,0.373365847725657,0.0,0.0,0.0,0.0,0.0,0.0,0.0,0.0,0.0,0.0,0.0,0.1580366953005433,0.0,0.0,0.0,0.4337429098762676,0.0,0.0,0.0,0.0,0.0,0.0,0.0,0.0,0.0,0.0,0.0,0.0,0.4810229028552099,0.0,0.0,0.0,0.0,0.0,0.0,0.0
godzien o godzien jest bóg,0.0,0.0,0.2776109661587332,0.38873031953609744,0.0,0.0,0.0,0.0,0.0,0.0,0.0,0.0,0.0,0.0,0.0,0.0,0.23002831159899123,0.0,0.0,0.255429230907539,0.0,0.0,0.0,0.0,0.0,0.0,0.0,0.43408824369147264,0.0,0.0,0.0,0.0,0.0,0.0,0.0,0.0,0.0,0.22523527996911893,0.0,0.0,0.0,0.0,0.0,0.0,0.0,0.0,0.0,0.3134061215085503,0.0,0.0,0.0,0.255429230907539,0.0,0.0,0.0,0.0,0.0,0.0,0.0,0.5010316859717707,0.0,0.0,0.0,0.0,0.0,0.0,0.0,0.0,0.0
gwiazdo zaranna,0.0,0.0,0.0,0.0,0.0,0.0940839143383037,0.0,0.0,0.0,0.0,0.5723108980296672,0.0,0.46366649928394044,0.0,0.08056311722981858,0.0,0.0,0.0,0.0,0.0,0.0,0.0,0.0,0.0,0.0,0.0,0.0,0.0,0.05998281527886826,0.0,0.0,0.0,0.0,0.0,0.09614104304595739,0.0,0.0,0.1219243747033247,0.0,0.0,0.0,0.0,0.0,0.4023996841657764,0.09217931064092248,0.0,0.0,0.0,0.0,0.0,0.0,0.0,0.0,0.0,0.0,0.0,0.0,0.25716129637067636,0.0,0.0,0.0,0.14028501261483997,0.0,0.0,0.3916344550566834,0.0,0.0,0.06937527354770114,0.0
idź w pokoju,0.0,0.0,0.0,0.0,0.0,0.0,0.0,0.0,0.0,0.0,0.0,0.0,0.0,0.0,0.0,0.9339521733238452,0.0,0.0,0.0,0.0,0.0,0.0,0.0,0.0,0.0,0.0,0.0,0.0,0.2148097852768381,0.24577799818010915,0.0,0.0,0.0,0.0,0.0,0.0,0.0,0.14554473437250606,0.0,0.0,0.0,0.0,0.0,0.0,0.0,0.0,0.0,0.0,0.0,0.0,0.0,0.0,0.0,0.0,0.0,0.0,0.0,0.0,0.0,0.0,0.0,0.0,0.0,0.0,0.0,0.0,0.0,0.0,0.0
ja wierzę że to jezus,0.0,0.0,0.0,0.0,0.0,0.0,0.0,0.0,0.0,0.0,0.0,0.0,0.0,0.0,0.0,0.11841924113429034,0.0,0.0,0.0,0.0,0.0,0.0,0.0,0.0,0.0,0.0,0.0,0.0,0.0,0.0,0.0,0.0,0.0,0.17461987502364396,0.0,0.0,0.0,0.6643495347617534,0.0,0.0,0.0,0.0,0.0,0.0,0.0,0.0,0.0,0.10271294534726232,0.0,0.0,0.0,0.0,0.0,0.17461987502364396,0.0,0.0,0.0,0.0,0.0,0.0,0.6568147415979708,0.0,0.15836115478059126,0.0,0.0,0.0,0.1288354307584416,0.0,0.0
jak dawid,0.0,0.0,0.0,0.20527476606423944,0.0,0.0,0.0,0.0,0.0,0.0,0.0,0.0,0.0,0.0,0.0,0.0,0.0,0.0,0.0,0.0,0.0,0.0,0.2879048952968511,0.0,0.0,0.0,0.0,0.0,0.3510840721966518,0.0,0.0,0.0,0.0,0.0,0.0,0.0,0.0,0.47575521724418496,0.0,0.0,0.2429396704017586,0.0,0.0,0.1682340411175094,0.0,0.0,0.2597230075924163,0.0,0.0,0.26457715531776566,0.0,0.26976632891968044,0.0,0.0,0.0,0.0,0.0,0.25086417035012104,0.0,0.0,0.0,0.0,0.0,0.0,0.0,0.0,0.0,0.4060588592523816,0.0
jak dobrze jest dziękować ci,0.0,0.0,0.0,0.2716237368283779,0.0,0.0,0.0,0.0,0.0,0.0,0.0,0.0,0.2992546503011435,0.0,0.0,0.0,0.3214627027158787,0.0,0.0,0.0,0.0,0.0,0.0,0.0,0.0,0.0,0.0,0.0,0.0,0.0,0.0,0.0,0.0,0.0,0.0,0.0,0.0,0.1573822399132849,0.0,0.0,0.0,0.0,0.3723019143380454,0.22261069777946546,0.0,0.0,0.6873415102612278,0.21899125844012302,0.0,0.0,0.0,0.0,0.0,0.0,0.0,0.0,0.0,0.0,0.0,0.0,0.0,0.0,0.0,0.0,0.0,0.0,0.0,0.0,0.0
jak ożywczy deszcz,0.0,0.0,0.0,0.0,0.0,0.0,0.0,0.0,0.0,0.0,0.0,0.0,0.0,0.0,0.0,0.8486270862056723,0.0,0.0,0.0,0.0,0.0,0.0,0.0,0.0,0.0,0.0,0.0,0.0,0.0,0.0,0.0,0.0,0.0,0.0,0.0,0.0,0.0,0.5289915581160729,0.0,0.0,0.0,0.0,0.0,0.0,0.0,0.0,0.0,0.0,0.0,0.0,0.0,0.0,0.0,0.0,0.0,0.0,0.0,0.0,0.0,0.0,0.0,0.0,0.0,0.0,0.0,0.0,0.0,0.0,0.0
jak wielki jest bóg,0.0,0.0,0.0,0.0,0.0,0.0,0.0,0.0,0.0,0.0,0.0,0.0,0.0,0.0,0.0,0.0,0.0,0.0,0.0,0.0,0.8980335290786793,0.0,0.0,0.0,0.0,0.0,0.0,0.0,0.0,0.0,0.0,0.0,0.0,0.0,0.0,0.0,0.0,0.0,0.0,0.0,0.0,0.0,0.0,0.0,0.0,0.0,0.0,0.0,0.0,0.0,0.0,0.0,0.0,0.0,0.0,0.0,0.0,0.0,0.0,0.0,0.0,0.0,0.0,0.0,0.0,0.43992701741367607,0.0,0.0,0.0
jeden chleb,0.0,0.0,0.0,0.0,0.0,0.0,0.0,0.0,0.418076733751131,0.0,0.0,0.0,0.0,0.0,0.08949873405336063,0.0,0.0,0.0,0.4371549344932778,0.0,0.0,0.0,0.0,0.0,0.0,0.0,0.0,0.0,0.0,0.0,0.0,0.0,0.4032176054576297,0.0,0.0,0.0,0.0,0.0,0.0,0.0,0.0,0.0,0.0,0.19158498802643126,0.0,0.0,0.0,0.0,0.0,0.0,0.0,0.0,0.0,0.0,0.6455395011046777,0.0,0.0,0.0,0.0,0.0,0.0,0.0,0.0,0.0,0.0,0.0,0.0,0.0,0.10043352066148477
jeden jest tylko pan,0.0,0.0,0.0,0.0,0.0,0.0,0.0,0.0,0.0,0.0,0.0,0.0,0.0,0.0,0.0,0.0,0.0,0.0,0.0,0.0,0.0,0.0,0.0,0.0,0.0,0.0,0.0,0.0,0.0,0.0,0.0,0.0,0.0,0.0,0.0,0.0,0.0,1.0,0.0,0.0,0.0,0.0,0.0,0.0,0.0,0.0,0.0,0.0,0.0,0.0,0.0,0.0,0.0,0.0,0.0,0.0,0.0,0.0,0.0,0.0,0.0,0.0,0.0,0.0,0.0,0.0,0.0,0.0,0.0
jedyny pan prawdziwy bóg,0.0,0.0,0.0,0.3700363006357814,0.0,0.0,0.0,0.0,0.0,0.4313174475978756,0.0,0.0,0.0,0.0,0.0,0.0,0.0,0.0,0.0,0.0,0.0,0.0,0.0,0.0,0.0,0.0,0.0,0.0,0.2109592811927971,0.24137238330302013,0.0,0.0,0.0,0.0,0.0,0.0,0.0,0.14293581879917802,0.0,0.0,0.0,0.0,0.0,0.20217682997837644,0.0,0.31212454981573534,0.0,0.5966688779924872,0.0,0.0,0.0,0.0,0.0,0.0,0.0,0.0,0.0,0.0,0.0,0.0,0.0,0.0,0.0,0.0,0.0,0.0,0.0,0.24399251305786393,0.0
jest jedno ciało,0.7801132573322698,0.0,0.0,0.0,0.0,0.0,0.0,0.4002058325853276,0.0,0.23064121840066987,0.0,0.0,0.0,0.0,0.0,0.0,0.0,0.0,0.0,0.0,0.0,0.0,0.0,0.0,0.0,0.0,0.0,0.0,0.0,0.0,0.0,0.0,0.0,0.0,0.2712137959968917,0.0,0.0,0.0,0.24596129117994142,0.0,0.0,0.0,0.0,0.0,0.0,0.0,0.0,0.0,0.0,0.0,0.0,0.0,0.0,0.0,0.0,0.0,0.0,0.0,0.0,0.0,0.0,0.0,0.0,0.20978404557026595,0.0,0.0,0.0,0.0,0.0
jest zakątek na tej ziemii,0.0,0.0,0.0,0.0,0.0,0.0,0.0,0.0,0.0,0.0,0.0,0.0,0.0,0.0,0.6256769809969502,0.0,0.0,0.0,0.0,0.0,0.0,0.0,0.0,0.0,0.0,0.0,0.0,0.0,0.0,0.0,0.0,0.0,0.0,0.0,0.0,0.0,0.0,0.0,0.0,0.0,0.0,0.0,0.0,0.0,0.0,0.0,0.0,0.439191832202491,0.0,0.0,0.0,0.0,0.0,0.0,0.6447005894034541,0.0,0.0,0.0,0.0,0.0,0.0,0.0,0.0,0.0,0.0,0.0,0.0,0.0,0.0
jesteś blisko mnie twoja miłość,0.0,0.0,0.0,0.0,0.761787534719282,0.0,0.0,0.0,0.0,0.0,0.0,0.0,0.0,0.0,0.0,0.0,0.0,0.0,0.0,0.0,0.0,0.0,0.0,0.0,0.0,0.0,0.0,0.0,0.0,0.0,0.0,0.0,0.0,0.0,0.0,0.0,0.0,0.0,0.0,0.0,0.0,0.0,0.0,0.0,0.0,0.0,0.0,0.0,0.0,0.0,0.0,0.0,0.0,0.0,0.0,0.6478269459865952,0.0,0.0,0.0,0.0,0.0,0.0,0.0,0.0,0.0,0.0,0.0,0.0,0.0
jesteś królem,0.0,0.0,0.14753794381822932,0.0,0.0,0.0,0.8144959986405311,0.1044611299095365,0.0,0.12040325410654427,0.0,0.0,0.0,0.0,0.0,0.0,0.0,0.0,0.0,0.0,0.0,0.0,0.0,0.24838244326109302,0.0,0.0,0.0,0.0,0.0,0.0,0.0,0.0,0.0,0.0,0.0,0.0,0.0,0.2992564607747362,0.0,0.0,0.0,0.0,0.0,0.0,0.0,0.0,0.0,0.0,0.0,0.0,0.0,0.0,0.0,0.2831672831339792,0.0,0.24080650821308855,0.0,0.0,0.0,0.0,0.0,0.0,0.0,0.0,0.0,0.0,0.0,0.0,0.0
jesteś życiem mym,0.509832850351672,0.0,0.0,0.0,0.0,0.0,0.0,0.0,0.0,0.0,0.22609884272684297,0.0,0.0,0.5317447230956285,0.0,0.0,0.0,0.0,0.0,0.0,0.0,0.0,0.0,0.0,0.0,0.0,0.0,0.0,0.0,0.0,0.0,0.0,0.0,0.0,0.0,0.0,0.0,0.22478309232348606,0.0,0.0,0.0,0.0,0.0,0.0,0.0,0.0,0.0,0.0,0.0,0.0,0.0,0.254916425175836,0.0,0.0,0.0,0.0,0.4822343870450459,0.0,0.0,0.0,0.0,0.0,0.24111719352252295,0.0,0.0,0.0,0.0,0.0,0.0
jezu mój jezu,0.0,0.0,0.0,0.24204689809703608,0.0,0.0,0.0,0.0,0.0,0.0,0.0,0.0,0.0,0.0,0.0,0.0,0.0,0.0,0.0,0.0,0.0,0.0,0.3394790708554349,0.0,0.0,0.0,0.0,0.0,0.2069879612477109,0.23682853505617177,0.0,0.3062487881852174,0.0,0.0,0.0,0.0,0.0,0.2804900884685443,0.0,0.0,0.0,0.0,0.0,0.0,0.0,0.3062487881852174,0.0,0.0,0.0,0.0,0.0,0.0,0.0,0.0,0.0,0.0,0.0,0.0,0.6789581417108698,0.0,0.0,0.0,0.0,0.0,0.0,0.0,0.0,0.0,0.0
jezu tyś jest,0.0,0.0,0.0,0.0,0.0,0.0,0.0,0.0,0.0,0.0,0.0,0.0,0.0,0.0,0.6861230648156174,0.0,0.0,0.1924880718575176,0.0,0.0,0.0,0.0,0.20945972492399148,0.0,0.0,0.0,0.0,0.0,0.0,0.0,0.0,0.0,0.0,0.0,0.0,0.0,0.0,0.17306332501288788,0.0,0.20945972492399148,0.0,0.0,0.0,0.0,0.5887900689324189,0.0,0.0,0.0,0.0,0.0,0.0,0.0,0.0,0.0,0.0,0.0,0.0,0.0,0.0,0.0,0.0,0.0,0.0,0.0,0.16676951055924952,0.0,0.0,0.0,0.0
jezus chrystus moim panem jest,0.0,0.0,0.0,0.0,0.0,0.0,0.0,0.0,0.0,0.0,0.0,0.0,0.0,0.0,0.15436331253740437,0.0,0.0,0.17322313106526555,0.0,0.0,0.0,0.0,0.0,0.0,0.0,0.0,0.0,0.0,0.11493033512286036,0.0,0.156654113585256,0.0,0.0,0.184211465316566,0.0,0.17322313106526555,0.0,0.622969948049325,0.0,0.0,0.0,0.0,0.0,0.3304370022325294,0.0,0.0,0.0,0.10835480306487229,0.0,0.0,0.0,0.0,0.0,0.0,0.4771701130025397,0.0,0.0,0.0,0.0,0.0,0.0,0.0,0.0,0.0,0.3001571630545359,0.0,0.0,0.13292679579990263,0.0
jezus chrystus to panów pan,0.0,0.0,0.2564547916292266,0.0,0.0,0.0,0.0,0.36315481442942155,0.16055929733528987,0.0,0.13952565079989246,0.0,0.131878667121305,0.49220969679371507,0.0,0.0,0.0,0.0,0.16788614013301445,0.0,0.0,0.0,0.0,0.0,0.0,0.0,0.16406989893123836,0.13366908330383986,0.20472784834902774,0.0,0.13952565079989246,0.0,0.1238822066458895,0.0,0.0,0.0,0.0,0.0,0.0,0.0,0.0,0.0,0.0,0.0,0.0,0.0,0.3029048408744114,0.0,0.0,0.0,0.1514524204372057,0.0,0.0,0.0,0.0,0.13952565079989246,0.44638043617831713,0.0,0.0,0.0,0.0,0.11970198737225012,0.0,0.0,0.0,0.0,0.0,0.0,0.0
jezus daje nam zbawienie,0.0,0.508666057941552,0.2590046003696448,0.0,0.0,0.0,0.0,0.0,0.0,0.0,0.0,0.0,0.0,0.0,0.0,0.0,0.0,0.0,0.0,0.0,0.0,0.0,0.0,0.0,0.0,0.0,0.0,0.0,0.0,0.0,0.0,0.0,0.0,0.0,0.0,0.0,0.43603830845666625,0.21013929847494076,0.0,0.0,0.0,0.0,0.0,0.0,0.0,0.0,0.0,0.0,0.0,0.0,0.0,0.0,0.4864669875470381,0.0,0.0,0.0,0.4508185858049567,0.0,0.0,0.0,0.0,0.0,0.0,0.0,0.0,0.0,0.0,0.0,0.0
jezus najwyższe imię,0.0,0.0,0.3853129609063731,0.0,0.0,0.0,0.0,0.0,0.0,0.0,0.0,0.0,0.0,0.0,0.0,0.0,0.0,0.0,0.0,0.0,0.0,0.0,0.0,0.0,0.0,0.0,0.0,0.0,0.9227859568489131,0.0,0.0,0.0,0.0,0.0,0.0,0.0,0.0,0.0,0.0,0.0,0.0,0.0,0.0,0.0,0.0,0.0,0.0,0.0,0.0,0.0,0.0,0.0,0.0,0.0,0.0,0.0,0.0,0.0,0.0,0.0,0.0,0.0,0.0,0.0,0.0,0.0,0.0,0.0,0.0
jezus namaszczony pan twe imię jak miód,0.0,0.0,0.0,0.0,0.0,0.0,0.0,0.0,0.0,0.0,0.0,0.0,0.3052688222545188,0.0,0.0,0.0,0.0,0.0,0.0,0.0,0.0,0.0,0.777235702937779,0.0,0.0,0.0,0.0,0.0,0.0,0.0,0.0,0.0,0.0,0.0,0.0,0.0,0.0,0.3210903554799196,0.0,0.0,0.0,0.0,0.0,0.0,0.0,0.0,0.0,0.44678472652490536,0.0,0.0,0.0,0.0,0.0,0.0,0.0,0.0,0.0,0.0,0.0,0.0,0.0,0.0,0.0,0.0,0.0,0.0,0.0,0.0,0.0
już teraz we mnie kwitną twe ogrody,0.0,0.0,0.3456219015974954,0.0,0.0,0.0,0.31800594094460694,0.0,0.0,0.0,0.0,0.0,0.0,0.0,0.0,0.0,0.0,0.0,0.0,0.0,0.0,0.0,0.0,0.0,0.0,0.0,0.0,0.0,0.20693246109821584,0.0,0.0,0.0,0.0,0.0,0.0,0.0,0.0,0.14020744001384297,0.0,0.0,0.0,0.0,0.0,0.19831765053382938,0.0,0.0,0.0,0.1950931931596415,0.0,0.0,0.0,0.0,0.3245765616912911,0.0,0.0,0.0,0.0,0.0,0.0,0.0,0.3118888393752218,0.2419819975156292,0.0,0.2565495670521242,0.2702169988486315,0.0,0.48942059822709966,0.0,0.0
każdy dzień upewnia mnie,0.0,0.0,0.0,0.3711360414747137,0.0,0.0,0.0,0.1876602653369494,0.0,0.0,0.0,0.5086987622447152,0.0,0.0,0.0,0.0,0.0,0.0,0.0,0.0,0.0,0.0,0.0,0.22310459042412303,0.17420958178346269,0.24890707056378963,0.0,0.0,0.0,0.0,0.0,0.0,0.0,0.0,0.0,0.0,0.0,0.21504093199610907,0.23066710880884198,0.0,0.0,0.2543493811223576,0.0,0.0,0.24386827801105337,0.23478913352552777,0.0,0.0,0.0,0.0,0.0,0.0,0.24890707056378963,0.0,0.0,0.21629965741930482,0.0,0.0,0.0,0.0,0.0,0.0,0.0,0.196739409822475,0.0,0.0,0.0,0.0,0.0
każdy spragniony,0.44912532701114666,0.0,0.024406391452326422,0.0,0.0,0.0,0.0,0.0,0.0,0.4381882739299338,0.0,0.0,0.0,0.0,0.0,0.0,0.0,0.0,0.0,0.04491253270111467,0.0,0.04584051290889161,0.047932364563854545,0.0,0.0,0.0,0.0,0.03816321720637353,0.0,0.0,0.0,0.0,0.0,0.0,0.046842807889299946,0.0,0.0,0.25742263118146047,0.0424813106154755,0.0,0.0,0.5621136946715993,0.0,0.0,0.0,0.0,0.0,0.05510670267052366,0.0,0.0,0.0,0.0,0.0,0.0,0.0,0.0,0.0,0.0,0.0,0.0,0.044048603796343344,0.4442820045274967,0.0,0.07246588403637651,0.0,0.04491253270111467,0.0,0.0,0.044048603796343344
kiedy masz chwile smutne matce która pod krzyżem,0.0,0.0,0.0,0.0,0.0,0.0,0.0,0.0,0.0,0.0,0.0,0.0,0.0,0.0,0.18758518214006534,0.0,0.0,0.0,0.0,0.0,0.0,0.0,0.0,0.19635814363036372,0.0,0.0,0.22385721520016696,0.0,0.0,0.0,0.0,0.0,0.0,0.0,0.0,0.0,0.0,0.0,0.0,0.0,0.0,0.0,0.0,0.13385107344204894,0.0,0.0,0.0,0.0,0.0,0.2105039860677807,0.0,0.0,0.876269380553151,0.0,0.0,0.0,0.0,0.0,0.0,0.0,0.0,0.0,0.0,0.0,0.0,0.21463261813463028,0.0,0.0,0.0
kiedy w jasną spokojną o boże,0.0,0.0,0.0,0.19931003103970527,0.0,0.0,0.0,0.0,0.0,0.0,0.0,0.0,0.0,0.0,0.0,0.0,0.0,0.0,0.5590782999615359,0.0,0.0,0.0,0.27953914998076795,0.0,0.0,0.0,0.0,0.0,0.0,0.0,0.0,0.2521761524685915,0.20627031341656232,0.27318491001300843,0.0,0.0,0.0,0.0,0.0,0.0,0.0,0.0,0.5463698200260169,0.1633456103736229,0.0,0.2521761524685915,0.0,0.0,0.0,0.0,0.0,0.0,0.0,0.0,0.0,0.0,0.0,0.0,0.0,0.0,0.0,0.0,0.0,0.0,0.0,0.0,0.0,0.0,0.0
kiedyś wino i chleb,0.0,0.0,0.0,0.3156312944193697,0.0,0.0,0.0,0.3191899780146752,0.0,0.0,0.0,0.0,0.0,0.0,0.0,0.0,0.0,0.0,0.0,0.0,0.0,0.0,0.0,0.0,0.0,0.0,0.4326210091556684,0.0,0.0,0.3088265028922422,0.0,0.0,0.0,0.0,0.0,0.0,0.0,0.0,0.0,0.0,0.0,0.0,0.0,0.0,0.0,0.39935112653462745,0.0,0.5089429603986022,0.0,0.0,0.0,0.0,0.0,0.0,0.0,0.0,0.0,0.0,0.0,0.0,0.0,0.0,0.0,0.0,0.0,0.0,0.0,0.31217885620722974,0.0
kocham więc nie muszę się bać,0.0,0.0,0.2612529601652757,0.0,0.0,0.0,0.0,0.0,0.0,0.0,0.0,0.0,0.0,0.0,0.0,0.0,0.0,0.0,0.0,0.0,0.0,0.0,0.0,0.0,0.0,0.0,0.0,0.0,0.0,0.0,0.0,0.6942871611180295,0.0,0.0,0.0,0.0,0.0,0.0,0.0,0.0,0.0,0.0,0.0,0.0,0.0,0.0,0.0,0.0,0.0,0.0,0.0,0.0,0.0,0.0,0.0,0.0,0.0,0.6706058668931761,0.0,0.0,0.0,0.0,0.0,0.0,0.0,0.0,0.0,0.0,0.0
kto spożywa moje ciało,0.0,0.0,0.0,0.0,0.0,0.0,0.0,0.0,0.0,0.0,0.0,0.0,0.0,0.0,0.0,0.0,0.0,0.0,0.0,0.0,0.0,0.0,0.0,0.0,0.6884341974897288,0.0,0.0,0.0,0.0,0.0,0.0,0.0,0.0,0.0,0.0,0.0,0.0,0.0,0.0,0.0,0.0,0.0,0.0,0.0,0.0,0.0,0.0,0.0,0.0,0.0,0.0,0.0,0.0,0.0,0.0,0.0,0.0,0.0,0.0,0.0,0.0,0.0,0.0,0.0,0.0,0.0,0.0,0.7252988044431573,0.0
kto spragniony jest,0.8770572710561337,0.0,0.0,0.16684599488562568,0.0,0.0,0.0,0.0,0.0,0.194477105441686,0.0,0.0,0.0,0.0,0.0,0.0,0.0,0.0,0.0,0.0,0.0,0.0,0.0,0.0,0.0,0.0,0.0,0.0,0.0,0.0,0.0,0.0,0.0,0.0,0.0,0.21504659120735203,0.0,0.0,0.20739501937714255,0.0,0.0,0.0,0.0,0.0,0.0,0.0,0.0,0.0,0.0,0.0,0.2111011715043562,0.0,0.0,0.0,0.0,0.0,0.0,0.0,0.0,0.0,0.0,0.0,0.0,0.17689029841785459,0.0,0.0,0.0,0.0,0.0
laudato si,0.0,0.20651803839553734,0.10515567368543637,0.0,0.0,0.0,0.0,0.14890651455889362,0.0,0.0,0.0,0.0,0.0,0.0,0.0,0.2737352038986521,0.174263880188974,0.0,0.0,0.0,0.0,0.0,0.0,0.1770312265225412,0.0,0.0,0.0,0.0,0.0,0.14407181088555854,0.0,0.0,0.0,0.0,0.0,0.0,0.3540624530450824,0.0853163977295408,0.0,0.0,0.0,0.0,0.0,0.12067653148835572,0.0,0.0,0.0,0.35614333576643453,0.1770312265225412,0.0,0.1863027927985416,0.0,0.0,0.0,0.0,0.5148947438941365,0.18303200805151373,0.1799482301647323,0.0,0.0,0.18978473799189333,0.0,0.0,0.0,0.0,0.19350700173477411,0.14890651455889362,0.0,0.0
maryjo śliczna pani,0.0,0.0,0.0,0.5134826838539215,0.0,0.0,0.0,0.0,0.0,0.0,0.0,0.0,0.0,0.0,0.0,0.0,0.0,0.0,0.0,0.0,0.0,0.0,0.0,0.0,0.0,0.0,0.0,0.0,0.0,0.0,0.0,0.0,0.0,0.0,0.0,0.0,0.0,0.2975183829117115,0.3191378709471377,0.0,0.0,0.0,0.0,0.0,0.0,0.0,0.0,0.0,0.0,0.0,0.0,0.0,0.0,0.0,0.0,0.0,0.6382757418942754,0.0,0.0,0.0,0.0,0.0,0.0,0.27219743944583696,0.0,0.0,0.0,0.25393305379084513,0.0
matko która nas znasz,0.0,0.0,0.2416369660244307,0.0,0.0,0.22692339590522462,0.0,0.0,0.0,0.0,0.3943917919531041,0.0,0.0,0.0,0.0,0.0,0.0,0.0,0.0,0.0,0.0,0.0,0.0,0.0,0.0,0.0,0.0,0.0,0.0,0.0,0.19719589597655204,0.0,0.0,0.0,0.0,0.0,0.0,0.0,0.0,0.0,0.0,0.0,0.0,0.6932557682628512,0.0,0.0,0.0,0.0,0.0,0.0,0.0,0.0,0.0,0.4637700743489788,0.0,0.0,0.0,0.0,0.0,0.0,0.0,0.0,0.0,0.0,0.0,0.0,0.0,0.0,0.0
memu bogu królowi,0.0,0.0,0.23727376942565928,0.0,0.0,0.0,0.0,0.0,0.0,0.0,0.12909010935822918,0.0,0.1220150664992984,0.0,0.2544047703606235,0.102942905784661,0.131069953330554,0.0,0.0,0.1455433774285776,0.0,0.0,0.0,0.0,0.0,0.0,0.15179861963735414,0.0,0.18941563920711935,0.10836144305142903,0.0,0.0,0.0,0.15179861963735414,0.0,0.0,0.2663027424064936,0.12833888762967446,0.0,0.0,0.0,0.0,0.15179861963735414,0.18153007190152864,0.1455433774285776,0.14012484016180957,0.28024968032361913,0.2678678470103749,0.39945411360974037,0.0,0.0,0.1455433774285776,0.0,0.0,0.131069953330554,0.0,0.0,0.0,0.3106588654524094,0.0,0.0,0.0,0.0,0.0,0.12367157209146114,0.0,0.11199779261591658,0.21907544224313882,0.0
miłość twa,0.0,0.0,0.0,0.686823472016448,0.0,0.0,0.0,0.17364181943379514,0.0,0.0,0.0,0.0,0.0,0.0,0.0,0.0,0.0,0.0,0.0,0.0,0.0,0.0,0.0,0.41287682222677335,0.0,0.0,0.23534917863749788,0.19174089317852513,0.0,0.0,0.0,0.0,0.3554043218388276,0.0,0.0,0.0,0.0,0.09948855879932327,0.0,0.24082336517732744,0.20321137263365652,0.0,0.0,0.0,0.0,0.0,0.0,0.0,0.0,0.0,0.0,0.0,0.0,0.0,0.0,0.0,0.0,0.0,0.0,0.0,0.0,0.0,0.0,0.0,0.0,0.0,0.0,0.0,0.0
mój jezu mój zbawco,0.0,0.0,0.0,0.0,0.0,0.0,0.0,0.2599071685304419,0.0,0.29957237571318235,0.0,0.0,0.0,0.0,0.29519163717727614,0.23889398654973945,0.0,0.0,0.0,0.0,0.0,0.0,0.0,0.0,0.24127813658855116,0.0,0.0,0.0,0.0,0.2514684904367224,0.0,0.0,0.0,0.0,0.0,0.0,0.30899712455996664,0.0,0.0,0.0,0.3041668916313994,0.0,0.0,0.0,0.0,0.0,0.0,0.0,0.0,0.0,0.0,0.0,0.3447332434561136,0.0,0.0,0.0,0.0,0.0,0.0,0.0,0.0,0.0,0.0,0.0,0.0,0.0,0.5198143370608838,0.0,0.0
mój pan mocą moją jest,0.0,0.0,0.0,0.0,0.0,0.0,0.0,0.0,0.0,0.0,0.17315918813037903,0.0,0.0,0.0,0.0,0.0,0.0,0.7658956679574028,0.0,0.19522931073943858,0.0,0.0,0.0,0.0,0.0,0.0,0.0,0.16589085813490256,0.0,0.0,0.0,0.0,0.3074895863753048,0.0,0.0,0.0,0.0,0.0,0.0,0.0,0.0,0.20361998193660086,0.0,0.0,0.0,0.0,0.0,0.0,0.0,0.0,0.0,0.0,0.0,0.0,0.0,0.0,0.0,0.18154985932754134,0.0,0.0,0.0,0.14855690571692134,0.0,0.3150003738754806,0.16589085813490256,0.0,0.0,0.0,0.0
mój zbawiciel,0.0,0.0,0.12396027061084901,0.0,0.0,0.0,0.0,0.0,0.0,0.0,0.0,0.0,0.0,0.0,0.0,0.0,0.0,0.0,0.0,0.2281111371307657,0.0,0.0,0.48689777790046174,0.0,0.0,0.0,0.0,0.3876626121910159,0.0,0.0,0.0,0.0,0.0,0.0,0.0,0.0,0.0,0.1005732109304285,0.0,0.0,0.0,0.0,0.0,0.0,0.0,0.0,0.0,0.0,0.0,0.0,0.0,0.0,0.0,0.0,0.0,0.0,0.0,0.0,0.0,0.0,0.4474464696913904,0.17357785346557192,0.0,0.5520822657919418,0.0,0.0,0.0,0.0,0.0
mów do mnie panie,0.0,0.0,0.0,0.0,0.0,0.0,0.0,0.0,0.0,0.0,0.0,0.0,0.0,0.0,0.0,0.0,0.0,0.0,0.0,0.0,0.0,0.0,0.0,0.0,0.6272600769494626,0.0,0.0,0.0,0.0,0.0,0.778809858608219,0.0,0.0,0.0,0.0,0.0,0.0,0.0,0.0,0.0,0.0,0.0,0.0,0.0,0.0,0.0,0.0,0.0,0.0,0.0,0.0,0.0,0.0,0.0,0.0,0.0,0.0,0.0,0.0,0.0,0.0,0.0,0.0,0.0,0.0,0.0,0.0,0.0,0.0
nasz bóg jest potężny w mocy swej,0.0,0.0,0.23740797593975235,0.0,0.0,0.0,0.0,0.0,0.0,0.0,0.0,0.0,0.0,0.0,0.0,0.0,0.0,0.0,0.0,0.21843854925721132,0.0,0.0,0.0,0.0,0.0,0.0,0.0,0.7424491383752386,0.0,0.0,0.0,0.0,0.0,0.0,0.0,0.0,0.0,0.03210286963058778,0.0,0.0,0.0,0.0,0.0,0.0,0.0,0.0,0.0,0.0,0.0,0.0,0.0701020487056396,0.0,0.0,0.0,0.0,0.0,0.0,0.0,0.0,0.0,0.0,0.4986529150367363,0.0,0.29370685692731163,0.06187076153126988,0.0,0.0,0.0,0.0
nasz bóg jest wielki,0.0,0.0,0.07815568288387063,0.0,0.0,0.0,0.14382173907831827,0.0,0.0,0.3826892920941389,0.0,0.0,0.0,0.30000597556073616,0.0,0.0,0.0,0.0,0.0,0.0,0.0,0.0,0.0,0.1315763183832336,0.0,0.0,0.0,0.0,0.0,0.0,0.0,0.0,0.0,0.0,0.0,0.0,0.0,0.4438726665366188,0.0,0.0,0.0,0.45000896334110424,0.0,0.0,0.0,0.0,0.0,0.0,0.0,0.0,0.0,0.0,0.0,0.0,0.1295195216846255,0.12756309736471294,0.0,0.0,0.0,0.0,0.4231656346873987,0.3283171843107666,0.0,0.0,0.0,0.0,0.0,0.0,0.0
nic nie musisz mówić nic,0.0,0.0,0.09838682729025396,0.1377681268859346,0.0,0.0,0.0,0.0,0.0,0.0,0.0,0.0,0.0,0.0,0.0,0.12805746606599458,0.3260931090484116,0.0,0.0,0.0,0.0,0.0,0.0,0.0,0.12933547317325092,0.0,0.0,0.0,0.11781329954331167,0.0,0.4817510883122989,0.0,0.0,0.0,0.0,0.0,0.0,0.0798246009392975,0.0,0.0,0.3260931090484116,0.0,0.0,0.45163444426398486,0.0,0.0,0.0,0.0,0.0,0.0,0.0,0.0,0.0,0.18883230888914534,0.0,0.0,0.0,0.0,0.0,0.17756833829994803,0.0,0.2755362537718692,0.0,0.0,0.0,0.0,0.0,0.0,0.35513667659989606
nie bój się zostań tu,0.0,0.0,0.0,0.0,0.0,0.0,0.0,0.0,0.0,0.0,0.0,0.0,0.0,0.0,0.0,0.0,0.0,0.0,0.0,0.0,0.0,0.0,0.0,0.0,0.0,0.0,0.0,0.0,0.42476237160507874,0.0,0.0,0.6284566541290717,0.5140531717489558,0.0,0.0,0.0,0.0,0.0,0.0,0.0,0.0,0.0,0.0,0.0,0.0,0.0,0.0,0.40046035779357736,0.0,0.0,0.0,0.0,0.0,0.0,0.0,0.0,0.0,0.0,0.0,0.0,0.0,0.0,0.0,0.0,0.0,0.0,0.0,0.0,0.0
nie bój się wypłyń na głębię,0.0,0.0,0.0,0.0,0.0,0.0,0.0,0.0,0.0,0.0,0.0,0.0,0.0,0.0,0.0,0.0,0.0,0.0,0.0,0.0,0.280934817250495,0.0,0.0,0.0,0.0,0.280934817250495,0.0,0.0,0.0,0.0,0.0,0.2650002756851857,0.0,0.0,0.0,0.0,0.0,0.0,0.0,0.0,0.0,0.0,0.0,0.1716523602935307,0.5504953311374113,0.0,0.0,0.0,0.0,0.0,0.0,0.0,0.0,0.0,0.2478759206899543,0.0,0.0,0.0,0.29375478642427294,0.0,0.0,0.0,0.0,0.0,0.4677686077759347,0.0,0.0,0.0,0.2699530540214541
nie ma za trudnych spraw zanim powiem słowo,0.0,0.0,0.23520057113303344,0.0,0.0,0.0,0.0,0.11101920306094291,0.0,0.0,0.0,0.0,0.0,0.0,0.0,0.0,0.0,0.0,0.0,0.0,0.1472526139756284,0.4417578419268852,0.0,0.0,0.41224728954642725,0.0,0.0,0.0,0.09388030255278877,0.6444877583271437,0.0,0.13890048830833193,0.0,0.0,0.0,0.0,0.0,0.06360875823346136,0.0,0.0,0.0,0.0,0.0,0.08997196928343427,0.0,0.0,0.0,0.0,0.0,0.0,0.0,0.14427168067794938,0.0,0.0,0.0,0.0,0.0,0.0,0.1539722295448248,0.0,0.0,0.0,0.13646191188288412,0.0,0.12259098196669937,0.0,0.0,0.10858062663549511,0.0
nie zabraknie mi nigdy chleba,0.0,0.0,0.0,0.0,0.7632115959429578,0.0,0.0,0.0,0.0,0.0,0.0,0.0,0.0,0.0,0.0,0.0,0.0,0.0,0.0,0.0,0.0,0.0,0.0,0.0,0.0,0.0,0.0,0.0,0.0,0.0,0.0,0.0,0.0,0.0,0.0,0.0,0.0,0.0,0.0,0.0,0.0,0.0,0.0,0.0,0.18294038778409724,0.0,0.17612957078700253,0.561159711429408,0.0,0.0,0.0,0.0,0.0,0.0,0.0,0.0,0.0,0.0,0.1952409457528242,0.0,0.0,0.0,0.0,0.0,0.0,0.0,0.0,0.0,0.0
niech oblicze twe,0.0,0.0,0.0,0.0,0.0,0.0,0.0,0.3566384837872092,0.0,0.0,0.0,0.24168882387760354,0.0,0.0,0.2025274995392001,0.0,0.0,0.0,0.0,0.0,0.0,0.4730348222112818,0.0,0.0,0.0,0.0,0.0,0.0,0.0,0.0,0.0,0.0,0.0,0.0,0.0,0.4545438552764719,0.0,0.0,0.0,0.0,0.0,0.0,0.0,0.0,0.0,0.0,0.0,0.0,0.0,0.0,0.44620442393550136,0.0,0.0,0.0,0.0,0.0,0.0,0.0,0.24731046961334613,0.0,0.22727192763823595,0.1763311413749069,0.0,0.0,0.0,0.0,0.0,0.0,0.0
niech twój święty duch i niech spłynie,0.0,0.0,0.18284893774706365,0.30724546791834006,0.0,0.0,0.0,0.05178493381566771,0.0,0.2387519472744743,0.0,0.0,0.0,0.0,0.0,0.0,0.0,0.06600107540793315,0.0,0.0,0.0,0.0,0.0,0.0,0.048073211697284596,0.0,0.28075130009706817,0.0,0.0,0.25051789082274384,0.0,0.0,0.0,0.42112695014560225,0.0,0.2640043016317326,0.0,0.5340657687963349,0.1273053828594942,0.0,0.060603416370197234,0.0,0.0,0.0,0.0,0.0,0.06479016598653113,0.16514038244007695,0.0,0.0,0.0,0.0,0.0,0.0,0.0,0.0,0.0,0.06258025189113955,0.0,0.0,0.0,0.0,0.0636526914297471,0.054290327780882656,0.0,0.0,0.0,0.0,0.2640043016317326
niechaj cię panie,0.0,0.0,0.0,0.0,0.0,0.0,0.0,0.0,0.0,0.0,0.0,0.0,0.0,0.0,0.0,0.0,0.0,0.0,0.0,0.0,0.0,0.0,0.0,0.0,0.0,0.0,0.0,0.0,0.0,0.0,0.0,0.0,0.8725576130668595,0.0,0.0,0.0,0.0,0.4885112198087826,0.0,0.0,0.0,0.0,0.0,0.0,0.0,0.0,0.0,0.0,0.0,0.0,0.0,0.0,0.0,0.0,0.0,0.0,0.0,0.0,0.0,0.0,0.0,0.0,0.0,0.0,0.0,0.0,0.0,0.0,0.0
niechaj miłość twa,0.0,0.0,0.0,0.0,0.0,0.0,0.0,0.0,0.0,0.0,0.0,0.0,0.0,0.0,0.0,0.0,0.0,0.0,0.0,0.0,0.0,0.0,0.0,0.0,0.0,0.0,0.0,0.0,0.0,0.0,0.20472520507499212,0.0,0.18177166718323473,0.0,0.0,0.0,0.0,0.10176691777434983,0.0,0.0,0.0,0.0,0.0,0.0,0.23081859593663037,0.0,0.22222528728842714,0.0,0.0,0.0,0.22222528728842714,0.0,0.0,0.0,0.0,0.0,0.0,0.0,0.0,0.0,0.0,0.0,0.8732953480994463,0.0,0.0,0.0,0.0,0.0,0.0
niechaj zstąpi duch twój,0.0,0.0,0.0,0.0,0.0,0.0,0.0,0.0,0.0,0.0,0.24262449492199992,0.0,0.22932697190700252,0.0,0.0,0.19348089986116515,0.0,0.0,0.0,0.0,0.0,0.0,0.0,0.5005152501143197,0.39082365913181594,0.0,0.0,0.0,0.0,0.2036650253073477,0.0,0.0,0.0,0.0,0.0,0.0,0.0,0.0,0.0,0.0,0.0,0.0,0.0,0.17059262799925362,0.0,0.0,0.0,0.0,0.0,0.0,0.0,0.0,0.27920040650357564,0.0,0.0,0.0,0.0,0.0,0.0,0.0,0.0,0.0,0.0,0.0,0.0,0.5470967313205637,0.0,0.0,0.0
niepojęta łaska,0.0,0.0,0.07372903040221702,0.0,0.0,0.0,0.0,0.0,0.0,0.0,0.0,0.0,0.0,0.0,0.0,0.0,0.0,0.0,0.0,0.0,0.0,0.0,0.0,0.0,0.0,0.0,0.0,0.2305737828675955,0.0,0.0,0.0,0.0,0.0,0.0,0.0,0.0,0.0,0.059818886243131295,0.0,0.0,0.0,0.0,0.14150698245340987,0.08461135140986051,0.0,0.0,0.0,0.16647130176934413,0.0,0.0,0.0,0.0,0.0,0.0,0.0,0.0,0.0,0.0,0.0,0.0,0.0,0.0,0.0,0.0,0.0,0.0,0.9396411338353885,0.0,0.0
niepojęty niezmierzony,0.0,0.0,0.0359605236624445,0.10070888803430425,0.0,0.4727918081069544,0.4632207668493157,0.0,0.0,0.0,0.0586935666348731,0.0,0.0,0.0,0.0,0.0468051838386199,0.0,0.0,0.0,0.0,0.0,0.0,0.0,0.0,0.0,0.0,0.0,0.0,0.0,0.09853767434250942,0.0,0.0,0.052112916219784006,0.0,0.0,0.0,0.0,0.23340803072788166,0.0,0.0,0.0,0.06901847431271725,0.0,0.04126825604360862,0.0,0.0,0.0,0.24358363945938027,0.0,0.0,0.0,0.0,0.0,0.0,0.0,0.41085496644411174,0.12518443610014668,0.06153764568340241,0.0,0.0,0.06490147723026296,0.0,0.0,0.0,0.0,0.4632207668493157,0.050922180921074194,0.0498036570395944,0.0
o panie ty nam dajesz,0.6712071449281286,0.7163378156084378,0.0,0.0,0.0,0.08563444861921171,0.0,0.0,0.0,0.0,0.0,0.0,0.0,0.0,0.0,0.05934314489526935,0.0,0.0,0.0,0.0,0.0,0.0,0.0,0.0,0.05993538651360665,0.0,0.0,0.0,0.0,0.0,0.0,0.0,0.0,0.0,0.0,0.0,0.0,0.14796615942116315,0.0,0.0,0.0,0.0,0.0,0.0,0.0,0.0,0.0,0.0,0.0,0.0,0.0,0.0,0.0,0.0,0.0,0.0,0.0,0.0,0.0,0.0,0.0,0.0,0.0,0.0,0.0,0.0,0.0,0.0,0.0
o piękności niestworzona,0.0,0.0,0.0,0.2947648362845271,0.0,0.39537551574492114,0.0,0.0,0.0,0.0,0.0,0.0,0.0,0.0,0.0,0.0,0.0,0.0,0.0,0.0,0.39537551574492114,0.0,0.0,0.0,0.27672256593326283,0.0,0.0,0.32915865744007927,0.0,0.0,0.0,0.0,0.0,0.0,0.0,0.0,0.0,0.170790486589333,0.0,0.0,0.0,0.0,0.0,0.0,0.0,0.0,0.0,0.0,0.3543896615881414,0.0,0.3729499308665415,0.0,0.0,0.0,0.34884985400778107,0.0,0.0,0.0,0.0,0.0,0.0,0.0,0.0,0.0,0.0,0.0,0.0,0.0,0.0
o stworzycielu duchu przyjdź,0.0,0.0,0.17188731491108447,0.0,0.0,0.0,0.6326125406068593,0.0,0.0,0.0,0.2805487391152566,0.3299006527333251,0.0,0.0,0.0,0.0,0.0,0.3102218632740135,0.0,0.0,0.0,0.32284177255155916,0.0,0.0,0.0,0.0,0.0,0.0,0.0,0.0,0.0,0.0,0.0,0.0,0.0,0.0,0.0,0.0,0.0,0.0,0.0,0.0,0.0,0.0,0.0,0.0,0.0,0.0,0.0,0.0,0.30453028060446447,0.0,0.0,0.0,0.0,0.0,0.29918386050068063,0.0,0.0,0.0,0.0,0.0,0.0,0.0,0.0,0.0,0.0,0.0,0.0
o wychwalajcie go,0.2113461724266371,0.0,0.3062662531501584,0.16082079730701826,0.0,0.0,0.7749359655643361,0.0,0.0,0.0,0.0,0.0,0.11812019087190669,0.0,0.0,0.0,0.06344301711734084,0.0,0.0,0.0,0.0,0.0,0.0,0.0,0.0,0.0,0.0,0.2394476374105186,0.0,0.0,0.0,0.06782593879872834,0.05547898767124215,0.0,0.0,0.0,0.0,0.2174237583240335,0.0,0.0,0.0,0.0,0.0,0.0,0.0,0.0,0.0,0.043219527616690026,0.0,0.0,0.0,0.0,0.0,0.0,0.0,0.0,0.0,0.0,0.0,0.0,0.0,0.1072138648713455,0.0,0.2273365035178048,0.17958572805788897,0.0,0.0,0.053020569089424145,0.06909358593400333
oczekuję ciebie panie,0.0,0.0,0.0,0.0,0.0,0.0,0.8039437404922499,0.0,0.0,0.0,0.0,0.0,0.0,0.0,0.0,0.0,0.0,0.0,0.0,0.26798124683075,0.0,0.27351826017999153,0.0,0.0,0.0,0.0,0.0,0.0,0.0,0.0,0.0,0.0,0.2110375804540494,0.0,0.0,0.0,0.0,0.0,0.0,0.0,0.0,0.0,0.0,0.0,0.0,0.0,0.0,0.0,0.0,0.0,0.0,0.0,0.0,0.0,0.0,0.0,0.0,0.0,0.0,0.0,0.0,0.2039164338006167,0.0,0.0,0.22770985992029985,0.0,0.0,0.0,0.26282641072710716
oczyść serce me,0.0,0.0,0.0,0.0,0.0,0.0,0.32982142361727185,0.0,0.0,0.0,0.0,0.0,0.0,0.0,0.0,0.0,0.0,0.0,0.0,0.0,0.0,0.33663617519796024,0.0,0.30173942355018957,0.0,0.0,0.0,0.0,0.0,0.0,0.0,0.0,0.0,0.0,0.0,0.0,0.0,0.14541683507464415,0.0,0.0,0.0,0.0,0.34399666763606584,0.0,0.0,0.0,0.0,0.0,0.0,0.0,0.0,0.0,0.6732723503959205,0.0,0.0,0.0,0.0,0.30671128650780444,0.0,0.0,0.0,0.0,0.0,0.0,0.0,0.0,0.0,0.0,0.0
oddajmy cześć,0.7181695821088093,0.0,0.13008936033324067,0.0,0.0,0.0,0.0,0.5526421699232102,0.0,0.0,0.0,0.0,0.0,0.0,0.0,0.16932057171916867,0.0,0.0,0.0,0.0,0.0,0.0,0.0,0.0,0.0,0.0,0.0,0.0,0.0,0.0,0.0,0.0,0.0,0.0,0.0,0.0,0.2190074791990606,0.0,0.0,0.0,0.0,0.0,0.0,0.0,0.0,0.0,0.0,0.0,0.2190074791990606,0.0,0.0,0.0,0.0,0.0,0.0,0.0,0.0,0.0,0.0,0.0,0.0,0.0,0.0,0.19312647096333505,0.0,0.0,0.0,0.0,0.0
odnów mnie,0.0,0.0,0.7666697018110146,0.0,0.0,0.0,0.15675801844683895,0.12062762559915591,0.15999694374853737,0.0,0.0,0.16349524957942022,0.0,0.0,0.0,0.0,0.28233872986903796,0.0,0.0,0.0,0.0,0.0,0.0,0.0,0.0,0.0,0.0,0.0,0.10200539794234316,0.11671108221408279,0.0,0.0,0.0,0.0,0.0,0.0,0.0,0.06911393039635853,0.0,0.1672981245235996,0.0,0.32699049915884043,0.0,0.09775880861965076,0.0,0.0,0.0,0.0,0.0,0.0,0.0,0.0,0.0,0.0,0.0,0.0,0.0,0.0,0.0,0.15374265113072366,0.0,0.11928273515168505,0.0,0.12646368066277935,0.0,0.0,0.0,0.11797799674276455,0.0
ofiaruję tobie,0.0,0.0,0.0,0.0,0.0,0.0,0.0,0.0,0.0,0.0,0.0,0.0,0.0,0.0,0.0,0.0,0.3276964647830026,0.0,0.3883491577414096,0.0,0.0,0.0,0.0,0.0,0.5198855928429824,0.0,0.0,0.0,0.0,0.0,0.0,0.0,0.0,0.0,0.0,0.0,0.0,0.16043417542220004,0.0,0.0,0.3276964647830026,0.0,0.0,0.4538550697726397,0.0,0.0,0.0,0.0,0.0,0.0,0.0,0.3638824081644429,0.0,0.0,0.0,0.0,0.0,0.0,0.0,0.0,0.0,0.0,0.0,0.0,0.0,0.0,0.0,0.0,0.0
oto ja poślij mnie,0.0,0.0,0.41820911800178606,0.0,0.0,0.0,0.0,0.0,0.0,0.0,0.0,0.0,0.0,0.0,0.0,0.0,0.0,0.0,0.0,0.0,0.0,0.0,0.0,0.0,0.0,0.0,0.0,0.0,0.0,0.0,0.0,0.0,0.0,0.0,0.0,0.0,0.0,0.5089610602319176,0.0,0.0,0.6930557437291484,0.0,0.0,0.0,0.0,0.0,0.0,0.0,0.0,0.0,0.0,0.0,0.0,0.0,0.0,0.0,0.0,0.0,0.0,0.0,0.0,0.29280284983552973,0.0,0.0,0.0,0.0,0.0,0.0,0.0
oto jest dzień,0.0,0.0,0.1005135502491353,0.0,0.0,0.0,0.0,0.0,0.0,0.0,0.0,0.0,0.0,0.5787422856576705,0.0,0.0,0.49971287323157376,0.0,0.0,0.0,0.0,0.0,0.0,0.0,0.0,0.0,0.0,0.0,0.0,0.0,0.0,0.0,0.0,0.1929140952192235,0.0,0.0,0.0,0.4077504203870208,0.0,0.0,0.0,0.0,0.1929140952192235,0.230698471828175,0.0,0.0,0.0,0.22694753293444628,0.0,0.0,0.0,0.0,0.0,0.0,0.0,0.1640548623438554,0.0,0.0,0.0,0.18140664340881008,0.0,0.0,0.0,0.0,0.0,0.0,0.0,0.0,0.0
oto stoję u drzwi,0.0,0.0,0.21718304209721623,0.0,0.0,0.0,0.0,0.0,0.0,0.0,0.0,0.0,0.0,0.0,0.0,0.14133960210661628,0.0,0.0,0.0,0.0,0.0,0.0,0.0,0.1828155294662517,0.14275016426732584,0.0,0.0,0.0,0.13003290937943285,0.0,0.0,0.0,0.0,0.0,0.0,0.0,0.3656310589325034,0.17620803662107992,0.0,0.0,0.0,0.0,0.0,0.0,0.0,0.0,0.0,0.0,0.7312621178650068,0.0,0.0,0.0,0.0,0.0,0.0,0.0,0.0,0.18582784303249283,0.0,0.0,0.0,0.0,0.18901238001052975,0.0,0.16979985806764927,0.1998296327290328,0.1537718731028057,0.0,0.0
otwórz me oczy o panie,0.0,0.0,0.0,0.0,0.0,0.0,0.0,0.0,0.0,0.0,0.0,0.0,0.0,0.0,0.0,0.39350131849640235,0.0,0.0,0.0,0.0,0.0,0.0,0.0,0.0,0.0,0.0,0.0,0.0,0.0,0.0,0.0,0.0,0.0,0.0,0.0,0.0,0.0,0.7358669513702929,0.0,0.0,0.0,0.0,0.0,0.3469511672296413,0.0,0.0,0.0,0.0,0.0,0.0,0.0,0.0,0.0,0.0,0.0,0.0,0.0,0.0,0.0,0.0,0.0,0.0,0.0,0.0,0.0,0.0,0.428113804706848,0.0,0.0
oświeć drogę mą,0.0,0.0,0.0,0.0,0.0,0.0,0.0,0.0,0.0,0.0,0.0,0.0,0.0,0.0,0.0,0.386217171004939,0.0,0.0,0.0,0.0,0.0,0.0,0.0,0.0,0.780143198114127,0.0,0.0,0.0,0.3553210964905868,0.0,0.0,0.0,0.0,0.0,0.0,0.0,0.0,0.0,0.0,0.0,0.0,0.0,0.0,0.3405287148625365,0.0,0.0,0.0,0.0,0.0,0.0,0.0,0.0,0.0,0.0,0.0,0.0,0.0,0.0,0.0,0.0,0.0,0.0,0.0,0.0,0.0,0.0,0.0,0.0,0.0
pa a an jest pasterzem moim,0.0,0.0,0.0,0.0,0.0,0.0,0.0,0.0,0.0,0.0,0.0,0.0,0.4816401095805462,0.0,0.0,0.4063550006174776,0.0,0.0,0.0,0.0,0.0,0.0,0.0,0.0,0.0,0.0,0.0,0.0,0.3738479674742084,0.0,0.0,0.0,0.0,0.0,0.0,0.0,0.0,0.0,0.0,0.0,0.5173832092711935,0.0,0.0,0.0,0.0,0.0,0.0,0.0,0.0,0.0,0.0,0.0,0.0,0.0,0.0,0.0,0.0,0.0,0.0,0.0,0.0,0.0,0.0,0.0,0.0,0.0,0.4420981003081249,0.0,0.0
pan jest moim pasterzem,0.0,0.0,0.0,0.0,0.0,0.0,0.0,0.0,0.0,0.0,0.0,0.0,0.0,0.0,0.0,0.5263212383555992,0.0,0.0,0.0,0.0,0.0,0.0,0.0,0.0,0.0,0.3797509309854201,0.0,0.0,0.24210865486921018,0.0,0.0,0.0,0.0,0.0,0.0,0.0,0.0,0.0,0.0,0.0,0.0,0.0,0.0,0.2320294232850136,0.0,0.0,0.0,0.0,0.0,0.0,0.0,0.0,0.0,0.0,0.0,0.0,0.0,0.0,0.0,0.0,0.0,0.0,0.0,0.0,0.0,0.37206337852413474,0.5726166019250466,0.0,0.0
pan blisko jest,0.0,0.0,0.0,0.0,0.0,0.0,0.0,0.0,0.0,0.0,0.0,0.0,0.6780662501575712,0.0,0.0,0.28603889711493374,0.0,0.0,0.0,0.0,0.0,0.0,0.0,0.0,0.0,0.0,0.0,0.0,0.13157837376492082,0.3010949363043136,0.0,0.0,0.0,0.0,0.42179020898696973,0.0,0.0,0.0,0.0,0.0,0.0,0.0,0.0,0.25220126226340167,0.0,0.0,0.0,0.24810070834046175,0.0,0.0,0.0,0.0,0.0,0.0,0.0,0.0,0.0,0.0,0.0,0.0,0.0,0.0,0.0,0.0,0.0,0.0,0.1555994793180655,0.15218168121093356,0.0
pan mnie strzeże,0.0,0.0,0.0,0.0,0.0,0.0,0.0,0.0,0.0,0.0,0.0,0.0,0.0,0.0,0.0,0.39211118115766574,0.0,0.0,0.0,0.0,0.0,0.0,0.0,0.0,0.0,0.0,0.0,0.0,0.3607436056574999,0.0,0.0,0.5337377662557032,0.0,0.0,0.0,0.0,0.0,0.0,0.0,0.0,0.49924755691500605,0.0,0.0,0.0,0.0,0.0,0.0,0.0,0.0,0.0,0.0,0.0,0.0,0.0,0.0,0.0,0.0,0.0,0.0,0.0,0.0,0.0,0.0,0.0,0.0,0.0,0.4266013904983629,0.0,0.0
pan wywyższony,0.0,0.0,0.0,0.0,0.0,0.0,0.0,0.0,0.0,0.0,0.0,0.0,0.0,0.0,0.0,0.6767180057576995,0.0,0.0,0.0,0.0,0.0,0.0,0.0,0.0,0.0,0.0,0.0,0.0,0.0,0.0,0.0,0.0,0.0,0.0,0.0,0.0,0.0,0.0,0.0,0.0,0.0,0.0,0.0,0.0,0.0,0.0,0.0,0.0,0.0,0.0,0.0,0.0,0.0,0.0,0.0,0.0,0.0,0.0,0.0,0.0,0.0,0.0,0.0,0.0,0.0,0.0,0.7362423111200023,0.0,0.0
panie dobry jak chleb,0.0,0.0,0.24083056477673032,0.0,0.0,0.0,0.22158766561395546,0.0,0.15077739827656286,0.19653780537405374,0.0,0.0,0.0,0.0,0.0,0.0,0.465621540754062,0.14488349838772274,0.0,0.0,0.0,0.0,0.0,0.06757367239812184,0.0,0.0,0.0,0.0,0.04806375719302625,0.1649787137866091,0.0,0.0,0.0,0.0,0.0,0.21732524758158409,0.0,0.13026272084557436,0.4191851977775875,0.0,0.06651736296486599,0.0,0.0,0.04606281369178376,0.0,0.07111267393168548,0.0,0.0,0.0,0.0,0.0,0.0,0.37694349569140717,0.0,0.06651736296486599,0.0,0.0,0.06868710674738028,0.0,0.0,0.0,0.0,0.0,0.3575292933741352,0.0,0.0,0.1705150028681686,0.0,0.0
panie mój przychodzę dziś,0.0,0.0,0.3406617486131377,0.0,0.523061440743945,0.0,0.0,0.0,0.0,0.0,0.4448133899242201,0.0,0.3153258736544844,0.0,0.10957718689641407,0.0,0.0,0.0,0.0,0.0,0.0,0.0,0.0,0.0,0.0,0.0,0.0,0.0,0.0,0.0,0.0,0.3621273086383283,0.0,0.0,0.0,0.0,0.0,0.0,0.0,0.0,0.0,0.0,0.13076536018598625,0.0,0.37613053829343684,0.0,0.0,0.0,0.0,0.0,0.0,0.0,0.0,0.0,0.0,0.0,0.0,0.0,0.0,0.0,0.0,0.0,0.0,0.0,0.10653560426268552,0.0,0.0,0.0,0.0
panie pozostań,0.0,0.0,0.0,0.0,0.0,0.0,0.0,0.0,0.0,0.0,0.0,0.0,0.355640568352059,0.0,0.0,0.10001681096019896,0.0,0.0,0.0,0.0,0.14432811867898382,0.0,0.0,0.0,0.0,0.0,0.0,0.6007813822982916,0.09201580252219073,0.0,0.0,0.0,0.5567938487443946,0.0,0.0,0.0,0.0,0.3117273153759179,0.0,0.0,0.0,0.14748382832759174,0.0,0.0,0.14140638789848467,0.0,0.0,0.0,0.0,0.0,0.0,0.0,0.0,0.0,0.0,0.0,0.0,0.0,0.0,0.0,0.0,0.0,0.0,0.11407883603055124,0.0,0.0,0.0,0.10642417234019287,0.0
panu chwała i cześć,0.0,0.0,0.0,0.0,0.0,0.0,0.0,0.0,0.0,0.0,0.0,0.0,0.0,0.0,0.0,0.0,0.6533223967502887,0.0,0.0,0.0,0.0,0.0,0.0,0.0,0.0,0.0,0.0,0.0,0.0,0.0,0.0,0.0,0.0,0.0,0.0,0.0,0.0,0.31985465597529605,0.0,0.0,0.0,0.0,0.0,0.0,0.0,0.0,0.0,0.0,0.0,0.0,0.0,0.0,0.0,0.0,0.0,0.0,0.0,0.0,0.0,0.0,0.0,0.0,0.6861944658443286,0.0,0.0,0.0,0.0,0.0,0.0
pewnej nocy łzy,0.2070678247003965,0.0,0.33757470907630344,0.0,0.0,0.0,0.0,0.0,0.0,0.0,0.0,0.0,0.0,0.0,0.0,0.0,0.0,0.0,0.0,0.0,0.0,0.0,0.0,0.0,0.0,0.0,0.0,0.0,0.0,0.0,0.0,0.0,0.0,0.0,0.0,0.0,0.0,0.8216577517959461,0.19585875145602855,0.0,0.0,0.0,0.0,0.0,0.0,0.0,0.0,0.2540677259136994,0.0,0.0,0.19935875030133435,0.0,0.0,0.0,0.0,0.0,0.0,0.0,0.0,0.0,0.0,0.0,0.0,0.0,0.0,0.0,0.15934176942956094,0.0,0.0
podnieś mnie jezu,0.0,0.0,0.22123122273195334,0.0,0.0,0.0,0.0,0.0,0.0,0.0,0.0,0.42460564831102904,0.0,0.0,0.0,0.0,0.0,0.3992776439948279,0.0,0.407108709407729,0.0,0.0,0.0,0.0,0.0,0.0,0.0,0.0,0.264913312380331,0.0,0.0,0.0,0.0,0.0,0.0,0.0,0.0,0.0,0.0,0.0,0.0,0.0,0.0,0.0,0.0,0.0,0.0,0.24975677449777337,0.0,0.3992776439948279,0.39195217152517137,0.0,0.0,0.0,0.0,0.0,0.0,0.0,0.0,0.0,0.0,0.0,0.0,0.0,0.0,0.0,0.0,0.0,0.0
pokój wam nie bójcie się,0.0,0.0,0.0,0.0,0.0,0.0,0.0,0.0,0.0,0.0,0.0,0.0,0.0,0.0,0.0,0.27020459563000865,0.0,0.0,0.0,0.0,0.0,0.0,0.0,0.34949579224832217,0.0,0.0,0.0,0.0,0.0,0.568854350446331,0.0,0.0,0.0,0.0,0.0,0.0,0.0,0.0,0.0,0.0,0.0,0.0,0.0,0.23824011620307145,0.0,0.0,0.0,0.46873311461354544,0.0,0.0,0.0,0.0,0.0,0.0,0.3440324854731618,0.0,0.0,0.0,0.0,0.0,0.0,0.0,0.0,0.0,0.0,0.0,0.29397186755676896,0.0,0.0
pomódl się miriam,0.0,0.6087795923222149,0.24798464542444987,0.0,0.0,0.0,0.11408505963238466,0.17558029880888915,0.0,0.0,0.0,0.0,0.0,0.0,0.0,0.08069242141187256,0.0,0.0,0.0,0.0,0.2328845573503007,0.0,0.0,0.0,0.32599091096872074,0.0,0.0,0.09694071228908262,0.0,0.0,0.0,0.0,0.08984298429651061,0.0,0.0,0.0,0.4174860414053717,0.20119843179495217,0.0,0.0,0.0,0.0,0.0,0.0,0.0,0.0,0.0,0.0,0.20874302070268586,0.0,0.0,0.0,0.0,0.0,0.0,0.0,0.10790936434337611,0.10609127517372068,0.0,0.0,0.0,0.0,0.0,0.0,0.19388142457816523,0.11408505963238466,0.08779014940444457,0.0,0.0
powietrzem moim jest,0.0,0.3814126606681709,0.09710460547736575,0.0,0.0,0.0,0.0,0.13750573642374533,0.0,0.31698179290370204,0.0,0.0,0.0,0.0,0.0,0.0,0.0,0.0,0.0,0.0,0.0,0.0,0.0,0.0,0.0,0.0,0.0,0.0,0.11627790312202947,0.2660823874953573,0.0,0.0,0.0,0.0,0.0,0.0,0.0,0.15756858097946774,0.0,0.0,0.0,0.0,0.0,0.0,0.0,0.3440776623836952,0.0,0.0,0.0,0.0,0.1720388311918476,0.17869146192504082,0.0,0.1863713604867601,0.0,0.6339635858074041,0.0,0.0,0.0,0.0,0.0,0.0,0.0,0.0,0.0,0.0,0.0,0.0,0.0
prawda jedyna,0.0,0.0,0.0,0.0,0.0,0.0,0.0,0.5013319770779127,0.0,0.0,0.0,0.0,0.0,0.0,0.0,0.0,0.0,0.0,0.0,0.0,0.0,0.0,0.0,0.0,0.0,0.0,0.0,0.0,0.0,0.0,0.0,0.6272361402421339,0.0,0.0,0.0,0.0,0.0,0.0,0.0,0.0,0.0,0.0,0.0,0.0,0.0,0.0,0.0,0.0,0.596021034136633,0.0,0.0,0.0,0.0,0.0,0.0,0.0,0.0,0.0,0.0,0.0,0.0,0.0,0.0,0.0,0.0,0.0,0.0,0.0,0.0
przed obliczem pana uniżmy się,0.0,0.0,1.0,0.0,0.0,0.0,0.0,0.0,0.0,0.0,0.0,0.0,0.0,0.0,0.0,0.0,0.0,0.0,0.0,0.0,0.0,0.0,0.0,0.0,0.0,0.0,0.0,0.0,0.0,0.0,0.0,0.0,0.0,0.0,0.0,0.0,0.0,0.0,0.0,0.0,0.0,0.0,0.0,0.0,0.0,0.0,0.0,0.0,0.0,0.0,0.0,0.0,0.0,0.0,0.0,0.0,0.0,0.0,0.0,0.0,0.0,0.0,0.0,0.0,0.0,0.0,0.0,0.0,0.0
przed tronem twym,0.0,0.0,0.160634946526604,0.0,0.0,0.0,0.0,0.0,0.0,0.0,0.0,0.0,0.2478135328232611,0.0,0.0,0.0,0.0,0.0,0.0,0.0,0.0,0.0,0.0,0.0,0.1055822074427041,0.0,0.0,0.0,0.0,0.2200829192233867,0.0,0.0,0.0,0.0,0.0,0.0,0.0,0.0651643154706227,0.0,0.0,0.0,0.0,0.0,0.0,0.0,0.0,0.1422973107874038,0.0,0.27043145281019665,0.0,0.0,0.0,0.0,0.0,0.0,0.0,0.0,0.0,0.7886881632674272,0.0,0.0,0.0,0.0,0.0,0.0,0.0,0.0,0.22247194897608277,0.2899136125558913
przychodzisz panie,0.0,0.0,0.2857438119107286,0.0,0.0,0.0,0.0,0.0,0.0,0.2331907569299413,0.0,0.0,0.0,0.0,0.0,0.0,0.0,0.0,0.0,0.0,0.0,0.0,0.0,0.24052709530968702,0.1878138168373653,0.0,0.0,0.4468052223380537,0.0,0.0,0.0,0.0,0.0,0.0,0.0,0.25785491441244546,0.0,0.231833736129705,0.24868017981971277,0.0,0.0,0.0,0.0,0.0,0.0,0.5062481967745952,0.0,0.16129380815742847,0.0,0.0,0.0,0.0,0.0,0.0,0.0,0.0,0.24868017981971277,0.0,0.0,0.0,0.0,0.0,0.0,0.21210302615282026,0.0,0.0,0.0,0.0,0.0
przyjaciela mam,0.0,0.0,0.0,0.0,0.0,0.0,0.0,0.0,0.0,0.0,0.0,0.0,0.0,0.0,0.0,0.0,0.0,0.0,0.0,0.0,0.0,0.0,0.0,0.0,0.0,0.0,0.0,0.0,0.0,0.0,0.0,0.0,0.0,0.7501637482533281,0.0,0.0,0.0,0.31711481046711765,0.0,0.0,0.0,0.0,0.0,0.0,0.0,0.0,0.0,0.0,0.0,0.0,0.0,0.0,0.0,0.0,0.0,0.0,0.0,0.0,0.0,0.0,0.0,0.0,0.0,0.5802521415634081,0.0,0.0,0.0,0.0,0.0
przyjacielu,0.0,0.0,0.0,0.0,0.0,0.0,0.0,0.0,0.0,0.0,0.0,0.0,0.0,0.0,0.0,0.0,0.0,0.0,0.0,0.0,0.0,0.5294330441049759,0.0,0.0,0.0,0.0,0.0,0.0,0.6750757493547169,0.0,0.4600760669714198,0.0,0.0,0.0,0.0,0.0,0.0,0.22869935951597212,0.0,0.0,0.0,0.0,0.0,0.0,0.0,0.0,0.0,0.0,0.0,0.0,0.0,0.0,0.0,0.0,0.0,0.0,0.0,0.0,0.0,0.0,0.0,0.0,0.0,0.0,0.0,0.0,0.0,0.0,0.0
przyjdź jak deszcz,0.0,0.0,0.0,0.0,0.0,0.0,0.0,0.0,0.0,0.0,0.0,0.0,0.0,0.0,0.0,0.1696105036879275,0.0,0.0,0.5118468945759492,0.0,0.0,0.0,0.0,0.0,0.0,0.0,0.0,0.0,0.0,0.3570763579328095,0.0,0.46174419767692626,0.0,0.0,0.0,0.0,0.0,0.0,0.0,0.0,0.2159531114193681,0.0,0.0,0.44863810713868163,0.0,0.0,0.0,0.2942291173081183,0.0,0.0,0.0,0.0,0.0,0.0,0.0,0.0,0.0,0.0,0.0,0.0,0.0,0.0,0.0,0.0,0.0,0.0,0.18452949110702252,0.0,0.0
przywołaj mnie panie,0.0,0.0,0.4941848737736757,0.06290838858882068,0.0,0.0,0.0,0.06361766886120296,0.08438060962936,0.07332655080597715,0.0,0.0,0.0,0.0,0.0,0.05847425684787887,0.0,0.0,0.0,0.08267243642868428,0.0,0.0,0.17646234242244974,0.0,0.0,0.0,0.0,0.07024868023819288,0.0,0.06155212741566314,0.0,0.0,0.0,0.0,0.0,0.0,0.07563345351522083,0.036449918630268835,0.0,0.0,0.0,0.0,0.0,0.0,0.0,0.0,0.0,0.10143728485858033,0.07563345351522083,0.0,0.0,0.08267243642868428,0.0,0.0,0.0,0.2199796524179315,0.0,0.7687969161518281,0.0,0.0,0.0,0.12581677717764136,0.0,0.0,0.0,0.0,0.0,0.0,0.0
raduje się dusza ma,0.0,0.0,0.0,0.0,0.759281106491968,0.371517389028819,0.0,0.0,0.0,0.0,0.0,0.0,0.0,0.0,0.15906331691101547,0.0,0.0,0.0,0.0,0.0,0.0,0.0,0.0,0.0,0.0,0.0,0.0,0.0,0.35528909073987947,0.0,0.16142386753062082,0.0,0.14332522228251435,0.0,0.0,0.0,0.0,0.08024224202285545,0.0,0.19423546774153347,0.0,0.0,0.0,0.0,0.0,0.0,0.1752225150980355,0.11165395517514631,0.0,0.0,0.0,0.0,0.0,0.0,0.0,0.0,0.0,0.0,0.0,0.0,0.0,0.0,0.0,0.0,0.0,0.0,0.0,0.0,0.0
rozpięty na ramionach,0.0,0.0,0.25696348950590125,0.0,0.0,0.0,0.4728630673637027,0.0,0.0,0.41940723209754527,0.0,0.0,0.0,0.0,0.0,0.0,0.0,0.0,0.0,0.0,0.0,0.0,0.0,0.0,0.0,0.0,0.0,0.0,0.0,0.0,0.0,0.0,0.0,0.0,0.0,0.463767163674348,0.0,0.4169665507205519,0.0,0.0,0.0,0.0,0.0,0.0,0.0,0.0,0.0,0.0,0.0,0.0,0.0,0.0,0.0,0.0,0.0,0.0,0.0,0.0,0.0,0.0,0.0,0.0,0.0,0.38147971338758324,0.0,0.0,0.0,0.0,0.0
schowaj mnie,0.0,0.0,0.5246433067874707,0.0,0.0,0.0,0.0,0.0,0.0,0.0,0.0,0.0,0.0,0.0,0.0,0.0,0.0,0.0,0.0,0.0,0.0,0.0,0.0,0.0,0.0,0.0,0.0,0.0,0.0,0.0,0.0,0.0,0.0,0.0,0.0,0.0,0.0,0.8513221485683946,0.0,0.0,0.0,0.0,0.0,0.0,0.0,0.0,0.0,0.0,0.0,0.0,0.0,0.0,0.0,0.0,0.0,0.0,0.0,0.0,0.0,0.0,0.0,0.0,0.0,0.0,0.0,0.0,0.0,0.0,0.0
serce wielkie nam daj,0.0,0.0,0.0,0.0,0.0,0.0,0.0,0.4748635946020722,0.0,0.18244464742159458,0.0,0.0,0.0,0.0,0.0,0.14549048136846773,0.0,0.0,0.0,0.0,0.0,0.0,0.0,0.0,0.14694246909662742,0.0,0.0,0.5243596851487816,0.0,0.15314856707380178,0.0,0.0,0.0,0.0,0.0,0.0,0.0,0.09069146823285641,0.0,0.0,0.0,0.0,0.21453886573112846,0.0,0.0,0.0,0.0,0.0,0.0,0.20174148223223878,0.0,0.0,0.0,0.0,0.0,0.0,0.1945633194268377,0.0,0.0,0.0,0.0,0.3130461926762957,0.0,0.0,0.0,0.4113965091751188,0.0,0.0,0.0
spocznij na nas duchu pana,0.0,0.0,0.0,0.4068261028927675,0.0,0.0,0.0,0.0,0.0,0.0,0.23709997642719333,0.0,0.22410523575020797,0.0,0.0,0.0,0.0,0.0,0.0,0.0,0.0,0.0,0.0,0.0,0.0,0.0,0.0,0.0,0.0,0.0,0.0,0.0,0.0,0.0,0.0,0.5243552097323875,0.0,0.0,0.0,0.0,0.0,0.278808727613823,0.0,0.33341652573273156,0.0,0.0,0.0,0.32799548846156024,0.0,0.26217760486619374,0.0,0.0,0.0,0.0,0.0,0.0,0.0,0.0,0.0,0.0,0.0,0.20341305144638375,0.0,0.21565873005883687,0.0,0.0,0.0,0.0,0.0
stoisz u naszych drzwi,0.0,0.0,0.0,0.0,0.0,0.0,0.0,0.0,0.0,0.0,0.0,0.0,0.0,0.3221200199387941,0.0,0.4368942345211221,0.0,0.0,0.3296124832121612,0.0,0.0,0.0,0.0,0.0,0.0,0.31522762186059433,0.0,0.0,0.6029162480911892,0.0,0.0,0.0,0.0,0.0,0.0,0.0,0.0,0.0,0.0,0.0,0.0,0.0,0.0,0.0,0.0,0.0,0.0,0.0,0.0,0.0,0.0,0.0,0.0,0.0,0.27813333270802304,0.0,0.0,0.0,0.0,0.0,0.0,0.0,0.0,0.0,0.0,0.0,0.23766178689059914,0.0,0.0
stoję dziś,0.0,0.0,0.17846791281323732,0.0,0.0,0.0,0.0,0.0,0.0,0.0,0.0,0.0,0.0,0.0,0.0,0.0,0.0,0.0,0.0,0.3284158572143269,0.0,0.0,0.0,0.0,0.0,0.0,0.0,0.8371876359965322,0.0,0.0,0.0,0.0,0.0,0.0,0.0,0.0,0.0,0.14479712694422056,0.0,0.0,0.0,0.0,0.0,0.20480957370586964,0.0,0.0,0.0,0.0,0.0,0.0,0.0,0.0,0.0,0.0,0.0,0.0,0.31063792670554985,0.0,0.0,0.0,0.0,0.0,0.0,0.0,0.0,0.0,0.0,0.0,0.0
swojego ducha panie,0.0,0.0,0.0,0.0,0.0,0.0,0.0,0.0,0.0,0.0,0.0,0.0,0.0,0.0,0.21057816367185653,0.0,0.0,0.0,0.0,0.0,0.0,0.0,0.0,0.0,0.5163551456554848,0.0,0.0,0.0,0.1567847859866221,0.0,0.0,0.0,0.0,0.0,0.0,0.0,0.0,0.1062297976820035,0.0,0.0,0.0,0.0,0.0,0.0,0.0,0.0,0.0,0.0,0.0,0.0,0.0,0.0,0.0,0.7538885656706436,0.0,0.0,0.0,0.0,0.0,0.0,0.0,0.0,0.22789819661960298,0.0,0.0,0.0,0.0,0.18133506013965994,0.0
ta krew,0.0,0.0,0.0,0.0,0.0,0.0,0.0,0.0,0.0,0.0,0.0,0.0,0.0,0.0,0.0,0.0,0.0,0.0,0.0,0.0,0.0,0.0,0.0,0.0,0.0,0.0,0.0,0.0,0.6936281500779814,0.0,0.0,0.0,0.0,0.0,0.0,0.0,0.0,0.0,0.0,0.0,0.0,0.0,0.0,0.0,0.0,0.0,0.0,0.0,0.0,0.0,0.0,0.0,0.0,0.0,0.0,0.0,0.0,0.49562615960355016,0.0,0.5227185660908109,0.0,0.0,0.0,0.0,0.0,0.0,0.0,0.0,0.0
tak jest mało czasu zabierzesz mnie,0.0,0.0,0.0,0.33209665052273907,0.0,0.0,0.0,0.0,0.0,0.0,0.0,0.45518930038499955,0.0,0.0,0.0,0.30868863877460434,0.0,0.0,0.0,0.0,0.0,0.0,0.0,0.0,0.6235386719044573,0.0,0.0,0.0,0.0,0.0,0.0,0.0,0.0,0.0,0.0,0.0,0.0,0.0,0.0,0.0,0.0,0.0,0.0,0.0,0.0,0.0,0.0,0.0,0.0,0.0,0.0,0.0,0.4454496205607317,0.0,0.0,0.0,0.0,0.0,0.0,0.0,0.0,0.0,0.0,0.0,0.0,0.0,0.0,0.0,0.0
tak mnie skrusz,0.0,0.0,0.0,0.0,0.0,0.0,0.0,0.0,0.0,0.0,0.0,0.0,0.3176398274027946,0.0,0.0,0.0,0.682424532446555,0.0,0.0,0.0,0.0,0.0,0.0,0.0,0.5413282118507229,0.0,0.0,0.0,0.24655131809269373,0.28209557274774416,0.0,0.0,0.0,0.0,0.0,0.0,0.0,0.0,0.0,0.0,0.0,0.0,0.0,0.0,0.0,0.0,0.0,0.0,0.0,0.0,0.0,0.0,0.0,0.0,0.0,0.0,0.0,0.0,0.0,0.0,0.0,0.0,0.0,0.0,0.0,0.0,0.0,0.0,0.0
tchnij moc,0.6352103061933453,0.0,0.0,0.0,0.0,0.3241674927875349,0.0,0.0,0.0,0.0,0.0,0.0,0.0,0.0,0.0,0.0,0.0,0.0,0.0,0.0,0.0,0.0,0.0,0.0,0.2268842070994414,0.6483349855750699,0.0,0.0,0.0,0.0,0.0,0.0,0.0,0.0,0.0,0.0,0.0,0.14003073439010336,0.0,0.0,0.0,0.0,0.0,0.0,0.0,0.0,0.0,0.0,0.0,0.0,0.0,0.0,0.0,0.0,0.0,0.0,0.0,0.0,0.0,0.0,0.0,0.0,0.0,0.0,0.0,0.0,0.0,0.0,0.0
tobie chór aniołów,0.5031647619523238,0.0,0.09114335061699656,0.0,0.0,0.1711870412584,0.0,0.0,0.0,0.0,0.0,0.0,0.0,0.0,0.0,0.0,0.0,0.0,0.0,0.0,0.0,0.0,0.0,0.0,0.4792539287345215,0.0,0.0,0.14251690969176617,0.0,0.0,0.0,0.0,0.0,0.0,0.0,0.0,0.0,0.6655294832130063,0.0,0.0,0.0,0.0,0.0,0.0,0.0,0.0,0.0,0.0,0.0,0.0,0.0,0.0,0.0,0.0,0.0,0.0,0.0,0.0,0.0,0.0,0.0,0.12762530349279236,0.0,0.0,0.0,0.0,0.0,0.0,0.0
twe światło jest na drodze mej,0.0,0.0,0.0,0.0,0.0,0.0,0.0,0.20513553456436837,0.0,0.0,0.0,0.27803486352834156,0.0,0.0,0.0,0.0,0.0,0.2614499022789758,0.0,0.26657774080872276,0.0,0.0,0.0,0.0,0.5712968958221329,0.0,0.0,0.22651726841080902,0.0,0.19847518444182452,0.0,0.0,0.0,0.0,0.0,0.0,0.0,0.0,0.25214725443853686,0.0,0.0,0.0,0.0,0.0831227729343127,0.0,0.2566531296819009,0.0,0.1635425505736577,0.0,0.0,0.0,0.0,0.0,0.0,0.0,0.0,0.0,0.0,0.0,0.0,0.0,0.0,0.0,0.0,0.0,0.0,0.0,0.40125931864200876,0.0
ty jesteś chlebem żywym,0.0,0.0,0.32402498442518074,0.0,0.0,0.0,0.0,0.0,0.0,0.0,0.0,0.0,0.0,0.0,0.0,0.0,0.0,0.0,0.0,0.0,0.3042947071950299,0.0,0.0,0.2727505725859922,0.21297528253935952,0.0,0.0,0.5066638337365214,0.0,0.0,0.0,0.0,0.0,0.0,0.0,0.0,0.2727505725859922,0.26289256182432363,0.0,0.0,0.0,0.0,0.0,0.0,0.0,0.0,0.0,0.0,0.2727505725859922,0.29239980410337596,0.0,0.0,0.0,0.0,0.0,0.26443138305275526,0.0,0.0,0.0,0.0,0.0,0.0,0.0,0.0,0.0,0.0,0.2294190573353523,0.0,0.0
ty jesteś dobry,0.0,0.0,0.0,0.0,0.0,0.0,0.0,0.0,0.0,0.0,0.0,0.0,0.0,0.0,0.0,0.11858414823062202,0.15098484597708994,0.0,0.0,0.0,0.0,0.0,0.0,0.15338251644951265,0.8383732846974569,0.3422430060499777,0.0,0.0,0.0,0.0,0.0,0.0,0.0,0.0,0.0,0.0,0.0,0.1478388195711701,0.0,0.0,0.0,0.0,0.0,0.0,0.0,0.0,0.0,0.0,0.0,0.16443235054467367,0.0,0.0,0.0,0.0,0.0,0.0,0.0,0.0,0.0,0.16443235054467367,0.0,0.0,0.0,0.0,0.0,0.0,0.1290148431291637,0.0,0.16443235054467367
ty jesteś skałą,0.0,0.0,0.0,0.0,0.0,0.0,0.0,0.0,0.0,0.0,0.0,0.0,0.0,0.0,0.0,0.0,0.0,0.0,0.0,0.0,0.0,0.0,0.0,0.0,0.0,0.0,0.0,0.0,0.0,0.0,0.0,0.0,0.0,0.0,0.0,0.0,0.0,0.0,0.0,0.0,0.0,0.0,0.0,0.0,0.0,0.0,0.0,0.0,0.0,0.0,0.0,0.0,0.0,0.0,0.0,0.0,0.0,0.0,0.0,0.0,0.0,0.0,0.0,0.0,0.0,0.0,0.0,0.0,0.0
ty tylko mnie poprowadź,0.0,0.0,0.165886433746754,0.0,0.0,0.0,0.0,0.0,0.0,0.0,0.0,0.31838325475598267,0.0,0.0,0.0,0.0,0.0,0.5987829712206485,0.0,0.0,0.0,0.0,0.0,0.0,0.0,0.0,0.0,0.0,0.39728139726514006,0.0,0.2707543011423073,0.2938986058599208,0.0,0.0,0.0,0.0,0.0,0.13458934229084105,0.0,0.0,0.0,0.31838325475598267,0.0,0.0,0.0,0.0,0.0,0.0,0.0,0.0,0.0,0.0,0.0,0.0,0.27490683671426236,0.0,0.0,0.0,0.0,0.0,0.0,0.0,0.0,0.0,0.0,0.0,0.0,0.0,0.0
ty wskazałeś drogę do miłości,0.0,0.0,0.0,0.0,0.0,0.0,0.0,0.0,0.0,0.0,0.0,0.0,0.0,0.0,0.0,0.0,0.0,0.0,0.0,0.0,0.0,0.0,0.0,0.0,0.2817978368924134,0.0,0.0,0.0,0.0,0.0,0.0,0.0,0.0,0.0,0.0,0.0,0.0,0.3478457893042513,0.0,0.0,0.7104959722246516,0.0,0.0,0.24600677280782543,0.0,0.0,0.0,0.4840138708459556,0.0,0.0,0.0,0.0,0.0,0.0,0.0,0.0,0.0,0.0,0.0,0.0,0.0,0.0,0.0,0.0,0.0,0.0,0.0,0.0,0.0
ty światłość dnia,0.0,0.0,0.16472961791351812,0.23066594916847338,0.0,0.0,0.0,0.0,0.0,0.0,0.0,0.0,0.0,0.0,0.0,0.0,0.0,0.0,0.0,0.0,0.30939806038887485,0.0,0.0,0.0,0.0,0.0,0.0,0.0,0.3945109391859219,0.45138590296671,0.0,0.0,0.0,0.0,0.0,0.0,0.0,0.0,0.0,0.0,0.0,0.0,0.0,0.18904352210867567,0.0,0.0,0.0,0.0,0.0,0.0,0.0,0.0,0.0,0.31616299610179305,0.0,0.0,0.0,0.0,0.0,0.0,0.0,0.0,0.5734506127070839,0.0,0.0,0.0,0.0,0.0,0.0
tyś jest bóg wywyższamy cię,0.0,0.0,0.06366834395188549,0.0,0.0,0.0,0.0,0.0,0.0,0.0,0.0,0.0,0.0,0.0,0.10239773107786891,0.0,0.0,0.0,0.0,0.0,0.0,0.0,0.0,0.0,0.0,0.0,0.7331859796300434,0.0,0.0,0.0,0.0,0.0,0.0,0.0,0.0,0.0,0.0,0.0,0.0,0.0,0.0,0.0,0.0,0.1461314381705164,0.0,0.0,0.0,0.07187773961862665,0.6431199359253783,0.0,0.0,0.0,0.0,0.0,0.0,0.0,0.0,0.0,0.0,0.0,0.0,0.0,0.0,0.0,0.0,0.0,0.0,0.08817770275604181,0.0
ubi caritas tam gdzie miłość,0.0,0.0,0.4012479770016044,0.2809277610162223,0.0,0.0,0.0,0.0,0.5024206631921799,0.0,0.10915059291274505,0.0,0.0,0.0,0.4302178015456555,0.0,0.11082462622581855,0.0,0.0,0.0,0.12560516579804498,0.12560516579804498,0.0,0.0,0.0,0.0,0.0,0.0,0.0,0.0,0.0,0.0,0.0969127628448121,0.12835150128174588,0.0,0.0,0.11258454413148204,0.16277310959201077,0.0,0.0,0.0,0.0,0.0,0.0,0.0,0.11848087712918298,0.0,0.0,0.0,0.0,0.0,0.0,0.0,0.0,0.3324738786774557,0.0,0.0,0.0,0.0,0.0,0.0,0.0,0.0,0.0,0.0,0.0,0.0,0.2778549169917806,0.0
ukaż mi panie swą twarz,0.0,0.0,0.0,0.0,0.5637059428703459,0.0,0.0,0.0,0.0,0.0,0.0,0.0,0.0,0.0,0.0,0.19113984009139104,0.0,0.0,0.28840882920945443,0.0,0.0,0.0,0.0,0.0,0.0,0.0,0.0,0.0,0.0,0.0,0.4793776253358625,0.0,0.0,0.0,0.0,0.0,0.0,0.0,0.0,0.0,0.0,0.0,0.0,0.0,0.0,0.0,0.0,0.0,0.0,0.0,0.0,0.0,0.0,0.0,0.0,0.0,0.0,0.0,0.5768176584189089,0.0,0.0,0.0,0.0,0.0,0.0,0.0,0.0,0.0,0.0
uwielbiajcie pana ludzkich serc,0.0,0.0,0.0,0.0,0.0,0.0,0.0,0.0,0.0,0.0,0.0,0.09837339986054648,0.0,0.0,0.2473012823921388,0.0,0.0,0.0,0.0,0.0,0.0,0.0,0.0,0.0,0.8759158526162326,0.19253701088354333,0.0,0.0,0.24550236965366573,0.0,0.08365710423636695,0.0,0.0,0.0,0.0,0.0,0.0,0.0,0.0,0.0,0.0,0.0,0.0,0.0,0.09431967760339681,0.0,0.0,0.05786409847179513,0.0,0.0,0.0,0.0,0.0,0.0,0.0,0.0,0.0,0.0,0.0,0.0,0.0,0.0,0.0,0.0,0.0,0.0,0.0,0.21295841949250932,0.0
uwielbiam imię twoje panie,0.0,0.0,0.0,0.0,0.6908003057185814,0.0,0.0,0.0,0.0,0.0,0.0,0.0,0.0,0.0,0.0,0.0,0.0,0.0,0.0,0.0,0.0,0.0,0.0,0.0,0.0,0.0,0.0,0.0,0.0,0.0,0.0,0.0,0.26079697367260096,0.0,0.0,0.0,0.0,0.0,0.0,0.0,0.0,0.0,0.0,0.0,0.0,0.0,0.0,0.0,0.0,0.0,0.0,0.331167074717705,0.0,0.0,0.0,0.5874591430603878,0.0,0.0,0.0,0.0,0.0,0.0,0.0,0.0,0.0,0.0,0.0,0.0,0.0
uwielbiam twoje imię,0.0,0.0,0.0,0.0,0.0,0.0,0.0,0.0,0.0,0.0,0.0,0.0,0.0,0.0,0.0,0.0,0.0,0.0,0.0,0.0,0.0,0.0,0.0,0.0,0.0,0.0,0.0,0.0,0.0,0.0,0.0,0.0,0.0,0.0,0.0,0.0,0.0,0.0,0.0,0.0,0.6763455690677586,0.0,0.0,0.0,0.0,0.0,0.0,0.0,0.0,0.0,0.0,0.0,0.0,0.0,0.0,0.0,0.0,0.0,0.0,0.736584463047117,0.0,0.0,0.0,0.0,0.0,0.0,0.0,0.0,0.0
w cieniu twoich rąk,0.0,0.0,0.39994281116000724,0.0,0.0,0.0,0.3679864887008393,0.0,0.0,0.0,0.0,0.0,0.0,0.0,0.0,0.0,0.0,0.0,0.0,0.0,0.0,0.0,0.0,0.0,0.0,0.0,0.0,0.0,0.0,0.0,0.0,0.0,0.2897925848679028,0.383802011585146,0.0,0.0,0.0,0.0,0.0,0.0,0.0,0.0,0.0,0.0,0.0,0.0,0.0,0.0,0.0,0.0,0.0,0.0,0.0,0.0,0.0,0.0,0.0,0.0,0.0,0.0,0.0,0.2800139687016176,0.0,0.29687110271212297,0.0,0.0,0.0,0.5539022398404709,0.0
w swe ramiona,0.0,0.0,0.3093649362977867,0.0,0.0,0.0,0.0,0.0,0.0,0.0,0.16831170826404943,0.0,0.0,0.0,0.0,0.0,0.0,0.0,0.0,0.0,0.0,0.0,0.0,0.0,0.1355596798246398,0.0,0.0,0.0,0.24696601440166635,0.0,0.0,0.0,0.1494408067946866,0.0,0.0,0.0,0.0,0.0,0.0,0.0,0.0,0.0,0.0,0.11834228297946006,0.0,0.0,0.0,0.34925444825688473,0.0,0.0,0.18269913423353673,0.0,0.0,0.1979197717804012,0.0,0.0,0.0,0.0,0.0,0.0,0.0,0.14439815088997685,0.358983232679688,0.0,0.6449874019287113,0.0,0.0,0.0,0.0
w swoim wielkim pieśń o nadziei,0.0,0.0,0.0,0.0,0.0,0.03324888744038698,0.0,0.0,0.0,0.0,0.08667961436337315,0.0,0.24578689172842444,0.03397586868189045,0.5124724310024517,0.0,0.0,0.0,0.0,0.0,0.0,0.0,0.0,0.0,0.0,0.0,0.03397586868189045,0.0,0.0,0.0,0.0,0.31363020163043653,0.0,0.0,0.0,0.0,0.0,0.0,0.0,0.31289528055072435,0.26402703659790866,0.03397586868189045,0.0,0.04063042140616907,0.0,0.0,0.0,0.0,0.5662418851952238,0.0,0.0,0.0,0.0,0.0,0.0,0.0,0.0,0.0,0.0,0.0,0.0,0.0,0.0,0.0,0.2768041700972394,0.0,0.0,0.0,0.0
w tobie jest światło,0.7296374216575083,0.5191312207821012,0.13216664674087977,0.0,0.0,0.0,0.0,0.0,0.0,0.0,0.0,0.0,0.0,0.0,0.0,0.0,0.0,0.0,0.0,0.0,0.0,0.0,0.0,0.0,0.0,0.0,0.0,0.20666326100942092,0.0,0.0,0.0,0.0,0.0,0.0,0.0,0.0,0.0,0.0,0.2300468049187972,0.0,0.0,0.0,0.0,0.0,0.0,0.0,0.0,0.0,0.0,0.0,0.0,0.0,0.0,0.0,0.0,0.21571799009965356,0.0,0.0,0.0,0.0,0.0,0.0,0.0,0.19621034340347754,0.0,0.0,0.0,0.0,0.0
wejdźmy do jego bram,0.0,0.0,0.29098087306968845,0.0,0.0,0.0,0.0,0.0,0.5465253843136305,0.0,0.23746463515526495,0.0,0.0,0.0,0.0,0.0,0.0,0.0,0.2857325573165697,0.0,0.0,0.0,0.0,0.0,0.0,0.0,0.0,0.0,0.0,0.0,0.0,0.0,0.0,0.0,0.27923753421903225,0.0,0.0,0.0,0.0,0.0,0.0,0.0,0.0,0.333929318892916,0.0,0.0,0.0,0.0,0.0,0.0,0.0,0.0,0.0,0.0,0.0,0.0,0.0,0.0,0.0,0.0,0.0,0.2037258998309823,0.0,0.0,0.4549941880408633,0.0,0.0,0.20149750520150503,0.0
wielbi dusza moja pana magnificat,0.0,0.0,0.0,0.0,0.0,0.0,0.0,0.0,0.0,0.0,0.0,0.0,0.0,0.0,0.0,0.0,0.0,0.0,0.0,0.0,0.0,0.39098216511621864,0.0,0.0,0.0,0.0,0.0,0.0,0.4985381646254526,0.0,0.0,0.0,0.301668817549931,0.0,0.0,0.0,0.0,0.0,0.0,0.0,0.0,0.0,0.0,0.0,0.0,0.0,0.0,0.0,0.0,0.0,0.0,0.0,0.0,0.0,0.0,0.0,0.0,0.712452503322815,0.0,0.0,0.0,0.0,0.0,0.0,0.0,0.0,0.0,0.0,0.0
wielbić pana chcę,0.0,0.0,0.0,0.3430171687410113,0.0,0.0,0.0,0.0,0.0,0.1999118592546492,0.0,0.0,0.0,0.0,0.0,0.0,0.0,0.0,0.2405466681192027,0.0,0.0,0.23004879365839578,0.0,0.20620122108410127,0.16101070990969868,0.23004879365839578,0.0,0.0,0.0,0.0,0.0,0.0,0.0,0.0,0.0,0.0,0.0,0.2981227504756876,0.0,0.0,0.0,0.0,0.47015754243077895,0.0,0.0,0.2170004926308644,0.0,0.0,0.0,0.2210561689356638,0.0,0.0,0.0,0.0,0.0,0.0,0.21319077034633555,0.20959886863330351,0.0,0.0,0.2210561689356638,0.17150858437050565,0.0,0.0,0.1915205900487784,0.0,0.0,0.0,0.0
wiele jest serc,0.0,0.43808317615681147,0.22306492874387418,0.0,0.0,0.0,0.0,0.0,0.0,0.0,0.0,0.0,0.0,0.0,0.0,0.0,0.0,0.0,0.0,0.0,0.0,0.0,0.0,0.0,0.0,0.0,0.0,0.34879696752406447,0.0,0.30561706375753006,0.0,0.0,0.0,0.0,0.0,0.0,0.0,0.36196042521022387,0.3882626624217389,0.0,0.0,0.0,0.0,0.25598905845092873,0.0,0.0,0.0,0.2518269185455212,0.0,0.0,0.0,0.0,0.0,0.0,0.0,0.3640791324961981,0.0,0.0,0.0,0.0,0.0,0.0,0.0,0.0,0.0,0.0,0.0,0.0,0.0
wierzę w ciebie panie,0.0,0.0,0.0,0.3508505079021635,0.0,0.0,0.0,0.0,0.0,0.0,0.0,0.0,0.0,0.0,0.0,0.0,0.0,0.0,0.0,0.0,0.0,0.0,0.0,0.0,0.0,0.47060464287295667,0.0,0.0,0.30003206777010116,0.0,0.0,0.0,0.0,0.0,0.4808943329609778,0.0,0.0,0.20328723642898974,0.0,0.0,0.0,0.0,0.0,0.0,0.0,0.0,0.0,0.0,0.0,0.0,0.0,0.0,0.0,0.0,0.4152264225373287,0.0,0.0,0.0,0.0,0.0,0.0,0.0,0.0,0.0,0.0,0.0,0.0,0.3470128348904984,0.0
wszelka chwała,0.0,0.0,0.0,0.7161400066107617,0.0,0.0,0.0,0.0,0.0,0.0,0.0,0.0,0.0,0.0,0.0,0.0,0.0,0.0,0.0,0.0,0.0,0.0,0.0,0.0,0.0,0.0,0.0,0.0,0.0,0.0,0.27824628668716017,0.0,0.0,0.0,0.0,0.0,0.0,0.41494060735615784,0.0,0.0,0.0,0.0,0.0,0.0,0.0,0.0,0.3020310126119658,0.0,0.0,0.0,0.0,0.0,0.0,0.0,0.0,0.0,0.0,0.0,0.0,0.0,0.0,0.0,0.2967284703669398,0.0,0.0,0.0,0.24140478358461376,0.0,0.0
wszyscy ludzie nadejdzie dzień,0.0,0.0,0.24153960662206317,0.0,0.0,0.0,0.0,0.0,0.0,0.0,0.0,0.0,0.0,0.0,0.0,0.0,0.0,0.0,0.0,0.0,0.0,0.0,0.0,0.0,0.0,0.0,0.0,0.0,0.2892315852668791,0.6618577449415478,0.0,0.0,0.3500319795620993,0.0,0.0,0.0,0.0,0.0,0.0,0.0,0.0,0.0,0.0,0.0,0.0,0.0,0.0,0.5453674424290416,0.0,0.0,0.0,0.0,0.0,0.0,0.0,0.0,0.0,0.0,0.0,0.0,0.0,0.0,0.0,0.0,0.0,0.0,0.0,0.0,0.0
wszystkie narody klaskajcie,0.0,0.0,0.9531715621262284,0.0,0.0,0.0,0.0,0.0,0.0,0.0,0.15557348141330954,0.0,0.0,0.0,0.0,0.0,0.0,0.0,0.0,0.0,0.0,0.0,0.0,0.0,0.0,0.0,0.0,0.0,0.0,0.0,0.0,0.0,0.0,0.0,0.0,0.0,0.0,0.0,0.0,0.0,0.0,0.0,0.0,0.0,0.0,0.0,0.0,0.0,0.0,0.0,0.0,0.0,0.0,0.0,0.0,0.0,0.0,0.2446680188095115,0.0,0.08601410120798052,0.0,0.0,0.0,0.0,0.0,0.0,0.0,0.0,0.0
wszystko mogę w tym,0.0,0.0,0.0,0.0,0.0,0.0,0.0,0.0,0.0,0.0,0.0,0.0,0.0,0.0,0.0,0.0,0.0,0.0,0.0,0.0,0.0,0.0,0.0,0.0,0.0,0.8432096482150354,0.0,0.0,0.5375848669345857,0.0,0.0,0.0,0.0,0.0,0.0,0.0,0.0,0.0,0.0,0.0,0.0,0.0,0.0,0.0,0.0,0.0,0.0,0.0,0.0,0.0,0.0,0.0,0.0,0.0,0.0,0.0,0.0,0.0,0.0,0.0,0.0,0.0,0.0,0.0,0.0,0.0,0.0,0.0,0.0
wykrzykujcie bogu,0.0,0.0,1.0,0.0,0.0,0.0,0.0,0.0,0.0,0.0,0.0,0.0,0.0,0.0,0.0,0.0,0.0,0.0,0.0,0.0,0.0,0.0,0.0,0.0,0.0,0.0,0.0,0.0,0.0,0.0,0.0,0.0,0.0,0.0,0.0,0.0,0.0,0.0,0.0,0.0,0.0,0.0,0.0,0.0,0.0,0.0,0.0,0.0,0.0,0.0,0.0,0.0,0.0,0.0,0.0,0.0,0.0,0.0,0.0,0.0,0.0,0.0,0.0,0.0,0.0,0.0,0.0,0.0,0.0
wykrzykujcie na cześć pana,0.0,0.0,0.0,0.0,0.0,1.0,0.0,0.0,0.0,0.0,0.0,0.0,0.0,0.0,0.0,0.0,0.0,0.0,0.0,0.0,0.0,0.0,0.0,0.0,0.0,0.0,0.0,0.0,0.0,0.0,0.0,0.0,0.0,0.0,0.0,0.0,0.0,0.0,0.0,0.0,0.0,0.0,0.0,0.0,0.0,0.0,0.0,0.0,0.0,0.0,0.0,0.0,0.0,0.0,0.0,0.0,0.0,0.0,0.0,0.0,0.0,0.0,0.0,0.0,0.0,0.0,0.0,0.0,0.0
wzywam cię duchu przyjdź,0.0,0.0,0.33577438314162567,0.0,0.0,0.0,0.0,0.0,0.6306573413339083,0.0,0.0,0.0,0.0,0.6444465563200705,0.0,0.0,0.0,0.0,0.0,0.0,0.0,0.0,0.0,0.0,0.0,0.0,0.0,0.0,0.0,0.0,0.0,0.0,0.0,0.0,0.0,0.0,0.0,0.27242525120610445,0.0,0.0,0.0,0.0,0.0,0.0,0.0,0.0,0.0,0.0,0.0,0.0,0.0,0.0,0.0,0.0,0.0,0.0,0.0,0.0,0.0,0.0,0.0,0.0,0.0,0.0,0.0,0.0,0.0,0.0,0.0
zaprowadź mnie tam,0.0,0.0,0.15410205511917838,0.0,0.0,0.0,0.0,0.0,0.0,0.0,0.0,0.0,0.0,0.29576567996109515,0.0,0.0,0.0,0.0,0.0,0.0,0.0,0.0,0.0,0.0,0.0,0.0,0.0,0.0,0.0,0.0,0.0,0.0,0.0,0.0,0.0,0.0,0.0,0.3750848175292031,0.0,0.0,0.0,0.0,0.0,0.0,0.0,0.0,0.0,0.0,0.0,0.2781230639279909,0.0,0.0,0.2894371853690837,0.0,0.7661333277316752,0.0,0.0,0.0,0.0,0.0,0.0,0.0,0.0,0.0,0.0,0.0,0.0,0.0,0.0
zaufaj panu już dziś,0.0,0.0,0.0,0.0,0.8096312818530802,0.0,0.0,0.0,0.0,0.0,0.0,0.0,0.0,0.0,0.0,0.0,0.0,0.0,0.0,0.0,0.0,0.0,0.0,0.0,0.27726728956061897,0.0,0.0,0.0,0.0,0.0,0.0,0.0,0.3056590831677629,0.0,0.0,0.0,0.0,0.1711266847344286,0.0,0.0,0.0,0.0,0.0,0.0,0.0,0.0,0.0,0.0,0.0,0.0,0.0,0.0,0.0,0.0,0.0,0.0,0.0,0.0,0.0,0.3806681234796159,0.0,0.0,0.0,0.0,0.0,0.0,0.0,0.0,0.0
zbawca,0.0,0.0,0.0,0.0,0.0,0.0,0.0,0.0,0.0,0.0,0.0,0.0,0.0,0.0,0.0,0.0,0.0,0.0,0.0,0.0,0.0,0.0,0.0,0.0,0.0,0.0,0.0,0.0,0.0,0.0,0.0,0.0,0.0,0.0,0.0,0.0,0.0,1.0,0.0,0.0,0.0,0.0,0.0,0.0,0.0,0.0,0.0,0.0,0.0,0.0,0.0,0.0,0.0,0.0,0.0,0.0,0.0,0.0,0.0,0.0,0.0,0.0,0.0,0.0,0.0,0.0,0.0,0.0,0.0
ziemia którą mi dajesz,0.0,0.0,0.0,0.0,0.0,0.0,0.0,0.0,0.18471356662980917,0.0,0.0,0.0,0.0,0.0,0.0,0.5120128231280792,0.16297746872529553,0.0,0.0,0.0,0.0,0.0,0.0,0.0,0.0,0.0,0.0,0.0,0.0,0.134740825392705,0.0,0.0,0.0,0.0,0.0,0.0,0.33113116903733086,0.0,0.0,0.0,0.4889324061758866,0.0,0.0,0.0,0.0,0.0,0.0,0.0,0.0,0.0,0.0,0.0,0.0,0.0,0.0,0.0,0.0,0.0,0.0,0.0,0.0,0.0,0.0,0.0,0.0,0.0,0.5570496144857529,0.0,0.0
zmartwychwstał pan,0.0,0.0,0.0,0.0,0.0,0.0,0.0,0.427821369490935,0.0,0.0,0.0,0.0,0.0,0.0,0.0,0.0,0.0,0.0,0.0,0.0,0.0,0.0,0.0,0.0,0.0,0.0,0.0,0.0,0.0,0.0,0.0,0.0,0.0,0.0,0.0,0.0,0.0,0.24512143222752925,0.0,0.0,0.0,0.0,0.0,0.0,0.0,0.0,0.0,0.0,0.0,0.0,0.0,0.0,0.0,0.0,0.0,0.0,0.525866880822761,0.0,0.0,0.0,0.5452680613517232,0.0,0.0,0.0,0.0,0.0,0.427821369490935,0.0,0.0
łaskawość twoja panie,0.0,0.0,0.0,0.0,0.0,0.0,0.0,0.0,0.0,0.0,0.0,0.0,0.0,0.0,0.0,0.0,0.0,0.0,0.0,0.0,0.0,0.0,0.0,0.0,0.0,0.0,0.0,0.0,0.5667859975864133,0.0,0.0,0.0,0.0,0.0,0.0,0.0,0.0,0.0,0.0,0.0,0.0,0.0,0.0,0.0,0.0,0.0,0.0,0.0,0.0,0.0,0.0,0.0,0.0,0.0,0.0,0.0,0.0,0.0,0.0,0.0,0.0,0.0,0.8238650574820942,0.0,0.0,0.0,0.0,0.0,0.0
łaską jesteśmy zbawieni,0.0,0.0,0.0,0.0,0.0,0.0,0.0,0.46857435656718244,0.0,0.0,0.0,0.0,0.25524222371274463,0.0,0.0,0.2153453417007278,0.0,0.0,0.0,0.0,0.0,0.0,0.0,0.0,0.6524834323248028,0.0,0.0,0.0,0.0,0.0,0.0,0.0,0.0,0.0,0.0,0.0,0.0,0.13423548422033,0.2879796953746341,0.0,0.0,0.0,0.0,0.18987056497300284,0.0,0.0,0.0,0.0,0.0,0.0,0.0,0.0,0.0,0.0,0.0,0.0,0.0,0.0,0.0,0.0,0.0,0.23167508518739166,0.0,0.0,0.0,0.0,0.0,0.22914097677975384,0.0
święte imię jezus,0.0,0.0,0.20764031214058304,0.0,0.0,0.0,0.0,0.0,0.0,0.0,0.0,0.19926041239391168,0.16016464791974924,0.39852082478782336,0.0,0.0,0.0,0.0,0.0,0.0,0.0,0.0,0.0,0.0,0.0,0.19499683981712482,0.0,0.0,0.0,0.0,0.16945179401595942,0.0,0.0,0.0,0.0,0.0,0.17478286166342,0.0,0.0,0.0,0.0,0.0,0.0,0.35743167897780415,0.0,0.0,0.0,0.23441345202334582,0.0,0.0,0.0,0.0,0.0,0.39852082478782336,0.0,0.0,0.0,0.0,0.0,0.0,0.0,0.0,0.5421222928572831,0.0,0.0,0.0,0.0,0.0,0.0
święty święty otwieram serce swe,0.0,0.0,0.49502175831744993,0.0,0.0,0.0,0.0,0.0,0.23243963929139422,0.0,0.0,0.0,0.19091905809660312,0.0,0.0,0.0,0.0,0.0,0.0,0.0,0.0,0.23243963929139422,0.0,0.0,0.0,0.0,0.0,0.0,0.0,0.3391100006733429,0.0,0.0,0.5380280539082217,0.23752189227954745,0.0,0.0,0.0,0.0,0.21540641431547972,0.0,0.0,0.0,0.0,0.0,0.0,0.0,0.0,0.1397124647877805,0.0,0.22335355623225617,0.0,0.0,0.0,0.0,0.0,0.0,0.0,0.0,0.0,0.0,0.0,0.0,0.0,0.18372333638396274,0.0,0.0,0.0,0.0,0.0
